UEIdx,lambdaBS,lambdaUE,numBlockers,deployRange,discoveryDelay,failureDetectionDelay,connectionSetupDelay,signalingAfterRachDelay,frameHopCount,frameDeliveryDelay,minRatereq,powerFac,lower_bound_thresh,GroupCount,mean_meanOutageDuration_wo_CF,std_meanOutageDuration_wo_CF,median_meanOutageDuration_wo_CF,mean_outageProbability_wo_CF,std_outageProbability_wo_CF,median_outageProbability_wo_CF,mean_meanOutageDuration,std_meanOutageDuration,median_meanOutageDuration,mean_outageProbability,std_outageProbability,median_outageProbability
1,49,1000,436,300,0.02,0,0.05,0,0,0,400000000,10,0.1,60,0.0873356374832719,0.0951794667868785,0.07,0.000739623046098225,0.00262668853793735,1.94444444444e-05,0.061900424155971,0.0224753103560809,0.07,1.944449342552e-05,1.4868882068147e-10,1.94444444444e-05
2,49,1000,436,300,0.02,0,0.05,0,0,0,400000000,10,0.1,60,0.0772206350231842,0.0599675889993709,0.07,0.000577687067597753,0.00196042171119033,1.94444444444e-05,0.0618847140124341,0.0225187118338916,0.07,1.94445003699267e-05,1.60849549447469e-10,1.94444444444e-05
3,49,1000,436,300,0.02,0,0.05,0,0,0,400000000,10,0.1,60,0.0781554792897541,0.0690244905777344,0.07,0.000503708003853125,0.00184265503905658,1.94444444444e-05,0.0619492286420676,0.0223434750710904,0.07,1.94444910181217e-05,1.49345592488934e-10,1.94444444444e-05
4,49,1000,436,300,0.02,0,0.05,0,0,0,400000000,10,0.1,60,0.078416423216435,0.0737009614493321,0.07,0.000589893540727201,0.00170254780913591,1.94444444444e-05,0.0584327662501514,0.0260837409248336,0.07,1.944450898099e-05,1.53728103444687e-10,1.94444444444e-05
5,49,1000,436,300,0.02,0,0.05,0,0,0,400000000,10,0.1,60,0.103169301583259,0.12735118930341,0.07,0.00093656043615392,0.00325796127492818,1.94444444444e-05,0.0608687812268487,0.0234930974480012,0.07,1.94444904162917e-05,1.36215687347413e-10,1.94444444444e-05
6,49,1000,436,300,0.02,0,0.05,0,0,0,400000000,10,0.1,60,0.0850504736954526,0.0868765422561221,0.07,0.000678391934494307,0.00192209589483468,1.94444444444e-05,0.0595933207292436,0.024982346340963,0.07,1.94445058328517e-05,1.63083932501068e-10,1.94444444444e-05
7,49,1000,436,300,0.02,0,0.05,0,0,0,400000000,10,0.1,60,0.0951532861527823,0.110353355903923,0.07,0.00142426038371437,0.00464955336959745,1.94444444444e-05,0.0584115786767251,0.0261312243364262,0.07,1.944451671239e-05,1.66733306761018e-10,1.94444444444e-05
8,49,1000,436,300,0.02,0,0.05,0,0,0,400000000,10,0.1,60,0.114296768216683,0.148979506074317,0.07,0.00201991733663272,0.00621253393433538,1.94444444444e-05,0.0601500525586806,0.0240216900402901,0.07,1.9444499629175e-05,1.46305964790337e-10,1.94444444444e-05
9,49,1000,436,300,0.02,0,0.05,0,0,0,400000000,10,0.1,60,0.0777291327163347,0.0690285058409794,0.07,0.000643509067650227,0.00180560987725212,1.94444444444e-05,0.059566900425769,0.0250454749207397,0.07,1.94445181938617e-05,1.84081206929256e-10,1.94444444444e-05
10,49,1000,436,300,0.02,0,0.05,0,0,0,400000000,10,0.1,60,0.0769137732024092,0.0609815012579602,0.07,0.000699141728650085,0.003284086982903,1.94444444444e-05,0.0618856172695284,0.022516152783608,0.07,1.94444955551333e-05,1.43089067316613e-10,1.94444444444e-05
11,49,1000,436,300,0.02,0,0.05,0,0,0,400000000,10,0.1,60,0.102500274520147,0.125766236030886,0.07,0.00116927575196214,0.00309322600994192,1.94444444444e-05,0.059120335583144,0.0268963379895738,0.07,6.37681353954783e-05,0.000343329278376713,1.94444444444e-05
12,49,1000,436,300,0.02,0,0.05,0,0,0,400000000,10,0.1,60,0.0875326715626079,0.0976015200849885,0.07,0.00113404394986792,0.00452947286423895,1.94444444444e-05,0.0607244527676205,0.0238476988283199,0.07,1.9444506619875e-05,1.626023836216e-10,1.94444444444e-05
13,49,1000,436,300,0.02,0,0.05,0,0,0,400000000,10,0.1,60,0.069280031367247,0.0024129341028738,0.07,0.000346240409413783,0.000920233966064233,1.94444444444e-05,0.0618859855186384,0.0225151385586262,0.07,1.94444956477433e-05,1.43719433122827e-10,1.94444444444e-05
14,49,1000,436,300,0.02,0,0.05,0,0,0,400000000,10,0.1,60,0.112043223497811,0.141660851155848,0.07,0.00134408775145754,0.00487412952168124,1.94444444444e-05,0.0619925998955355,0.0222271095973319,0.07,1.944448388856e-05,1.285897830989e-10,1.94444444444e-05
15,49,1000,436,300,0.02,0,0.05,0,0,0,400000000,10,0.1,60,0.102190774158457,0.125515672084984,0.07,0.00160241316066585,0.00548236162940779,1.94444444444e-05,0.057216224177534,0.0269771960365437,0.07,2.805586345229e-05,6.67031047299653e-05,1.94444444444e-05
16,49,1000,436,300,0.02,0,0.05,0,0,0,400000000,10,0.1,60,0.0923218680421796,0.123248227982407,0.07,0.000461976722177311,0.00152278000449456,1.94444444444e-05,0.0639534049393009,0.0192548422291558,0.07,6.59753945968767e-05,0.000360426994940908,1.94444444444e-05
17,49,1000,436,300,0.02,0,0.05,0,0,0,400000000,10,0.1,60,0.0937763192452365,0.107145909700411,0.07,0.00130773576606548,0.00489303486701583,1.94444444444e-05,0.0618925128352038,0.0224970392657965,0.07,1.96759767125517e-05,1.79312287167501e-06,1.94444444444e-05
18,49,1000,436,300,0.02,0,0.05,0,0,0,400000000,10,0.1,60,0.0764821348844097,0.0559523283802984,0.07,0.000871057732737412,0.00325003559033713,1.94444444444e-05,0.0595575855798633,0.0250677065133767,0.07,1.94445224531033e-05,1.91080877022702e-10,1.94444444444e-05
19,49,1000,436,300,0.02,0,0.05,0,0,0,400000000,10,0.1,60,0.0692796460035887,0.00284293142535218,0.07,0.000257579576954328,0.00080416200837167,1.94444444444e-05,0.0642015487330199,0.0193935821432802,0.07,1.9444483194115e-05,1.30088890006588e-10,1.94444444444e-05
20,49,1000,436,300,0.02,0,0.05,0,0,0,400000000,10,0.1,60,0.0763970474925273,0.0522347845843804,0.07,0.000508444732137655,0.00146502273423481,1.94444444444e-05,0.0697603346536553,0.0570219203430286,0.07,0.000139667559666473,0.000931243819487143,1.94444444444e-05
