UEIdx,lambdaBS,lambdaUE,numBlockers,deployRange,discoveryDelay,failureDetectionDelay,connectionSetupDelay,signalingAfterRachDelay,frameHopCount,frameDeliveryDelay,minRatereq,powerFac,lower_bound_thresh,GroupCount,mean_meanOutageDuration_wo_CF,std_meanOutageDuration_wo_CF,median_meanOutageDuration_wo_CF,mean_outageProbability_wo_CF,std_outageProbability_wo_CF,median_outageProbability_wo_CF,mean_meanOutageDuration,std_meanOutageDuration,median_meanOutageDuration,mean_outageProbability,std_outageProbability,median_outageProbability
1,25,250,1600,300,0.02,0,0.05,0,0,0,400000000,10,0.1,99,0.336480598108317,0.268641378170613,0.401178116967634,0.0396659785008179,0.0469779319971678,0.0095780698855437,0.0272392084991696,0.0332420483190005,0.0020000097142916,0.000123997002735721,7.29287617822478e-05,0.0001166672500004
1,36,250,1600,300,0.02,0,0.05,0,0,0,400000000,10,0.1,99,0.227558256108097,0.231658519719855,0.07,0.0226775236731688,0.0339854747585098,0.0049500009666677,0.0286052846098756,0.0331093861201413,0.0024138027586276,0.000145040833309304,0.000168158699004314,0.0001166672000002
1,49,250,1600,300,0.02,0,0.05,0,0,0,400000000,10,0.1,98,0.219453325046573,0.239096588255952,0.07,0.0234840074959461,0.0361697397635126,0.0044500008666674,0.0274306938799554,0.0333574365216532,0.0018696678525699,0.000116667306973161,6.10081364184028e-10,0.00011666727500035
1,64,250,1600,300,0.02,0,0.05,0,0,0,400000000,10,0.1,90,0.147902824668367,0.192974037285693,0.07,0.0125073385297545,0.0247018464260467,0.00359166735000035,0.0272396339009744,0.0329556698893629,0.00202942147479465,0.000116667213518833,5.23963463486606e-10,0.00011666722500025
2,25,250,1600,300,0.02,0,0.05,0,0,0,400000000,10,0.1,99,0.323406775763112,0.279393255110958,0.0854160642096541,0.0345782707404818,0.0442078415621967,0.0054500010666672,0.0305752789891991,0.0335851977456311,0.0031818277272777,0.000116667302020578,7.07200453756573e-10,0.0001166670166669
2,36,250,1600,300,0.02,0,0.05,0,0,0,400000000,10,0.1,99,0.226421500321124,0.238171346430103,0.07,0.0230119640499907,0.0346119134552365,0.0032000006166671,0.0321796350910414,0.0337205596994257,0.0038888983333401,0.000128482718492597,0.000117562780795315,0.0001166670000001
2,49,250,1600,300,0.02,0,0.05,0,0,0,400000000,10,0.1,98,0.174897864489899,0.207473687774645,0.07,0.0136987348390985,0.0261776510184489,0.0005750000916667,0.035444011320852,0.0341173472483304,0.0151666745000025,0.000117517457483264,8.41800755831538e-06,0.00011666675833335
2,64,250,1600,300,0.02,0,0.05,0,0,0,400000000,10,0.1,90,0.138217786261187,0.171269688904531,0.07,0.0102974611583646,0.0217150573091932,0.0002416666916667,0.0391387304968069,0.0416781254822525,0.07,0.000362732838035825,0.00233438494625858,0.0001166666916667
3,25,250,1600,300,0.02,0,0.05,0,0,0,400000000,10,0.1,99,0.267269077345799,0.252020393899692,0.07,0.0282079684637994,0.042816500699954,0.0045537145908334,0.0328313680849307,0.033786298848406,0.0046666760000074,0.000126885112711622,0.000101666617843705,0.0001166669500002
3,36,250,1600,300,0.02,0,0.05,0,0,0,400000000,10,0.1,99,0.218856926975566,0.235026594621484,0.07,0.0194556805262632,0.0314330293915044,0.0021252253795924,0.0352399037443286,0.0341054304205444,0.0175000075000042,0.000123061796193415,6.36257976677079e-05,0.0001166667166667
3,49,250,1600,300,0.02,0,0.05,0,0,0,400000000,10,0.1,98,0.14483728065103,0.185300271714477,0.07,0.0103771149045273,0.0216985375907117,0.0001583333416667,0.0361721283581772,0.0341738814284435,0.0525000025,0.00011751743401386,8.41801675437402e-06,0.000116666675
3,64,250,1600,300,0.02,0,0.05,0,0,0,400000000,10,0.1,90,0.128363719037277,0.160705443286323,0.07,0.0102868827797824,0.0238334664323095,0.00062513094192315,0.0353655449747467,0.0337406421886906,0.0262500062500014,0.000135053709323942,0.000174430682849626,0.0001166667
4,25,250,1600,300,0.02,0,0.05,0,0,0,400000000,10,0.1,99,0.343774889419738,0.25742535303677,0.484908910294335,0.0418465381460003,0.044813482554638,0.0261903719492067,0.0258184401261301,0.0329029696739263,0.0014583431250063,0.000171549525302872,0.00039398951860227,0.0001166675166672
4,36,250,1600,300,0.02,0,0.05,0,0,0,400000000,10,0.1,99,0.223336853936707,0.244659210814615,0.07,0.0254983781021592,0.0377379801160855,0.0058398430943908,0.0252044477641558,0.0327419136005973,0.0015909188636423,0.0001166673764314,6.25629339945566e-10,0.0001166673833338
4,49,250,1600,300,0.02,0,0.05,0,0,0,400000000,10,0.1,98,0.217421995479574,0.231289661444689,0.07,0.0198582789259434,0.029394968494644,0.0044415229520012,0.0261265854891456,0.0329066958943144,0.00186700831081605,0.000117517606803066,8.41799402014709e-06,0.00011666727500035
4,64,250,1600,300,0.02,0,0.05,0,0,0,400000000,10,0.1,90,0.157553133304608,0.201951162144562,0.07,0.0121653730995632,0.0227633537007344,0.00397284886538575,0.0246390124795187,0.0318632871033311,0.00218964800587105,0.000116667199815124,4.91091272710225e-10,0.00011666718333365
5,25,250,1600,300,0.02,0,0.05,0,0,0,400000000,10,0.1,99,0.305914912553311,0.251737279538352,0.0926687795383506,0.0330261957185241,0.0431172113210923,0.0063958060697289,0.0281796418139343,0.0332456835034833,0.0025926022222264,0.000116667334848877,7.30650611079535e-10,0.0001166671000002
5,36,250,1600,300,0.02,0,0.05,0,0,0,400000000,10,0.1,99,0.227939610772852,0.239099362240464,0.07,0.0231508144921421,0.0357089747781841,0.0039000007333336,0.0283912204328151,0.0332273854835138,0.0023333430000039,0.000142857201640141,0.000260586623687407,0.000116667266667
5,49,250,1600,300,0.02,0,0.05,0,0,0,400000000,10,0.1,98,0.179186264869154,0.212711704470531,0.07,0.0135167020534553,0.025894859607455,0.0030273125478609,0.0301841370948044,0.0334498116797263,0.00318841534162195,0.000116667142007086,5.29919726601332e-10,0.0001166670166669
5,64,250,1600,300,0.02,0,0.05,0,0,0,400000000,10,0.1,90,0.144070011850143,0.183951021797888,0.07,0.011494641142175,0.0226616597388868,0.00385132966639365,0.0278679220626634,0.0327127629836624,0.0024751957506258,0.000119444985555876,1.95534668335367e-05,0.0001166671833337
6,25,250,1600,300,0.02,0,0.05,0,0,0,400000000,10,0.1,99,0.28080144428262,0.255093359752639,0.0738607341492253,0.0313199628839014,0.0424697686570578,0.0062163807566523,0.0286045191737244,0.0335744307669082,0.0023333430000055,0.000116667313805096,6.76689659101864e-10,0.0001166671500003
6,36,250,1600,300,0.02,0,0.05,0,0,0,400000000,10,0.1,99,0.25235270667879,0.249159198029896,0.07,0.0244845265722841,0.0342162050848136,0.0048166676000007,0.0281859369214439,0.0332759157697331,0.0018919016216247,0.000116667264983517,6.03619868669515e-10,0.0001166672666669
6,49,250,1600,300,0.02,0,0.05,0,0,0,400000000,10,0.1,98,0.16778234861148,0.20214181285407,0.07,0.0151060664658804,0.0260754541738649,0.00346666733333385,0.0297915462370336,0.0333083296416487,0.00195047411765285,0.000116667237245237,5.75516420202229e-10,0.00011666725000035
6,64,250,1600,300,0.02,0,0.05,0,0,0,400000000,10,0.1,90,0.155202737230295,0.201684973041337,0.07,0.0114507751721975,0.0222359867732077,0.00357990615742195,0.0313857097625809,0.033598783773035,0.00258737522178035,0.000116667176111414,5.27490806976678e-10,0.0001166671083336
7,25,250,1600,300,0.02,0,0.05,0,0,0,400000000,10,0.1,99,0.320901552536149,0.26584439928774,0.0876365154629729,0.0338457430561579,0.0432694097641137,0.0096455201164768,0.0251376465902805,0.0326299208290241,0.0018919016216259,0.000118021138092035,1.3470141597025e-05,0.0001166672666669
7,36,250,1600,300,0.02,0,0.05,0,0,0,400000000,10,0.1,99,0.234864334899801,0.241587184522733,0.07,0.0261053543150435,0.0359266997247472,0.0062000012166674,0.0248606975717483,0.0328179898703719,0.0014893714893677,0.000116667396633432,6.27068269710713e-10,0.0001166674333338
7,49,250,1600,300,0.02,0,0.05,0,0,0,400000000,10,0.1,98,0.19823114918055,0.234770348354059,0.07,0.0184762196930947,0.0312896161146113,0.00425833415000015,0.0277648255520438,0.0328673937470318,0.0022580741935542,0.000118397640963879,1.20520418041745e-05,0.00011666718333365
7,64,250,1600,300,0.02,0,0.05,0,0,0,400000000,10,0.1,90,0.118400340017528,0.152298391649869,0.07,0.00895454509529842,0.0194861155857995,0.00260573985393155,0.0295772537835204,0.0334223421310413,0.00315000955000575,0.000120370893148458,2.76841158696678e-05,0.0001166670250002
8,25,250,1600,300,0.02,0,0.05,0,0,0,400000000,10,0.1,99,0.334765281025605,0.262903240799633,0.476753138102889,0.0371783235692951,0.0411401492911947,0.0127298315424408,0.025763717559927,0.0325783157667199,0.0016666764285773,0.000116667384007147,6.76169543749666e-10,0.0001166673500004
8,36,250,1600,300,0.02,0,0.05,0,0,0,400000000,10,0.1,99,0.23836507069705,0.249890323925281,0.07,0.0231473481248387,0.0354570644467337,0.0053166676833344,0.0269167645434439,0.0329264237728273,0.0024138027586252,0.000123366702092122,6.66585120727637e-05,0.0001166671666669
8,49,250,1600,300,0.02,0,0.05,0,0,0,400000000,10,0.1,98,0.192842187323389,0.216035766493011,0.07,0.0156487624999821,0.0271970393683984,0.00405853569537695,0.0256935603492371,0.0320267149408453,0.00222279194052905,0.000143590715114429,0.000266529177735245,0.000116667191667
8,64,250,1600,300,0.02,0,0.05,0,0,0,400000000,10,0.1,90,0.155281767710094,0.194258452668105,0.07,0.0130528610129033,0.0241528562631808,0.0039250007583337,0.0263131546229733,0.0324208095349649,0.0019459556679589,0.000116667224629958,5.09744457219425e-10,0.0001166672500003
9,25,250,1600,300,0.02,0,0.05,0,0,0,400000000,10,0.1,99,0.338253681856797,0.268629360203312,0.412608434521415,0.0422696719536484,0.050097738965694,0.0118349136356853,0.0259126496003143,0.0328893317521815,0.0014893714893678,0.000116667470034139,7.92732379124007e-10,0.0001166674333338
9,36,250,1600,300,0.02,0,0.05,0,0,0,400000000,10,0.1,99,0.225126089041997,0.235523128040396,0.07,0.0219495049394274,0.0329654044795385,0.0034666477004638,0.028749176364957,0.033509914776716,0.0020000097142916,0.000116667247811786,5.88272153839957e-10,0.0001166672333336
9,49,250,1600,300,0.02,0,0.05,0,0,0,400000000,10,0.1,98,0.174605350392591,0.21022277854033,0.07,0.0162295991635137,0.0303525556018299,0.0037233806996,0.0281154505796307,0.0335188128535919,0.00212317146140325,0.000116667257313269,5.82412773592023e-10,0.0001166672000003
9,64,250,1600,300,0.02,0,0.05,0,0,0,400000000,10,0.1,90,0.176980240585712,0.215586654980902,0.07,0.0145189643895245,0.0248424389091476,0.0039134022176937,0.0289421041971824,0.033720132368012,0.00184339158004635,0.000116667204815128,5.11614716719505e-10,0.00011666728333365
10,25,250,1600,300,0.02,0,0.05,0,0,0,400000000,10,0.1,99,0.315046302079952,0.252558777094377,0.085549154118783,0.0373202185666489,0.0461142660735381,0.0087892230284223,0.0270635089762898,0.0333487958772378,0.0020588332352997,0.000116667390404464,7.50703374295926e-10,0.000116667216667
10,36,250,1600,300,0.02,0,0.05,0,0,0,400000000,10,0.1,99,0.177983412120376,0.210189202941379,0.07,0.0150949607859868,0.0271346629729967,0.0033163721590174,0.0304970279820177,0.0336251226981218,0.002692317307695,0.000116667184007037,5.43483217654693e-10,0.0001166670833335
10,49,250,1600,300,0.02,0,0.05,0,0,0,400000000,10,0.1,98,0.191084366490645,0.21639271817499,0.07,0.0161979507212455,0.0276790066786267,0.0036009289732449,0.0287869508289561,0.0332006451693522,0.002566676300006,0.000116667201190786,5.45927885767398e-10,0.0001166671083336
10,64,250,1600,300,0.02,0,0.05,0,0,0,400000000,10,0.1,90,0.154766847259429,0.199397440766936,0.07,0.01351894027485,0.0259307062656914,0.0034666673250001,0.0293382709068076,0.0327611773794991,0.00240676956294125,0.000116667201296599,5.47724151029263e-10,0.00011666714166685
11,25,250,1600,300,0.02,0,0.05,0,0,0,400000000,10,0.1,99,0.286457537762836,0.255940782433965,0.0720546396971872,0.0308866626994409,0.0405072193654607,0.0051020697021455,0.0328776150967932,0.0342323792970979,0.003043487826093,0.000116667273906076,6.74041882189125e-10,0.0001166670333336
11,36,250,1600,300,0.02,0,0.05,0,0,0,400000000,10,0.1,99,0.240569045569082,0.253979353795953,0.07,0.0239609800963496,0.0357768317288702,0.0052833343666674,0.0311824337183876,0.0338354901654219,0.0026923173076989,0.000116667273737732,6.33155039605838e-10,0.0001166670833336
11,49,250,1600,300,0.02,0,0.05,0,0,0,400000000,10,0.1,98,0.19381002564783,0.222898843934964,0.07,0.0185307253662911,0.031147516019806,0.00234166710833345,0.0312326146435796,0.0338436862444833,0.00285834292500455,0.000116667206122771,5.84720748772354e-10,0.0001166670583335
11,64,250,1600,300,0.02,0,0.05,0,0,0,400000000,10,0.1,90,0.119543993043289,0.162114440520031,0.07,0.00922415145988615,0.0200160765457445,0.00270000051666695,0.0312162123211815,0.0337087966480195,0.00247277660131165,0.000119444963889197,1.50427143692657e-05,0.00011666712500025
12,25,250,1600,300,0.02,0,0.05,0,0,0,400000000,10,0.1,99,0.301536960597773,0.258864223819635,0.0730269589006799,0.0338130768267676,0.041442655777605,0.0068683975189607,0.0282223842848488,0.0333341699210104,0.0021212218181869,0.000137508331864953,0.000152740784581318,0.0001166673000003
12,36,250,1600,300,0.02,0,0.05,0,0,0,400000000,10,0.1,99,0.234091011084043,0.235523317548341,0.07,0.0234318858964678,0.0351418710849704,0.0048227379924,0.0289612764994471,0.0334535660230461,0.0020588332352995,0.000133142962651829,0.000155695711082601,0.0001166672333336
12,49,250,1600,300,0.02,0,0.05,0,0,0,400000000,10,0.1,98,0.179697632738268,0.215070262714263,0.07,0.0153151164277143,0.0264071667030539,0.0039677278305233,0.0296232137235531,0.0337301673821778,0.00259616347527975,0.000116667223979921,5.64028249526787e-10,0.00011666710000025
12,64,250,1600,300,0.02,0,0.05,0,0,0,400000000,10,0.1,90,0.148210260849953,0.191613361712869,0.07,0.0119943507116978,0.0232932805094408,0.0033302374293563,0.0298218457799788,0.0337775400837945,0.00250000964286285,0.000118519036296603,1.75682339841928e-05,0.0001166671500003
13,25,250,1600,300,0.02,0,0.05,0,0,0,400000000,10,0.1,99,0.263776223930285,0.251076602709087,0.07,0.0314638157318731,0.0426188179710526,0.0056493003804537,0.0305435724378818,0.0341162985099308,0.0016666764285756,0.000116667370539115,7.17934817647749e-10,0.0001166673500003
13,36,250,1600,300,0.02,0,0.05,0,0,0,400000000,10,0.1,99,0.202950702307761,0.223536874062684,0.07,0.0211888432606908,0.0351699913160628,0.0036439567857325,0.0316261190941158,0.0339918170452291,0.002000009714291,0.000117508995286529,8.375286947277e-06,0.0001166672500003
13,49,250,1600,300,0.02,0,0.05,0,0,0,400000000,10,0.1,98,0.188719895030847,0.227722830133392,0.07,0.0165279769289461,0.0280886458506684,0.0031142519275329,0.0308638901035807,0.0337015402627576,0.00265000962143395,0.00012322156352544,4.93182567384315e-05,0.0001166671333336
13,64,250,1600,300,0.02,0,0.05,0,0,0,400000000,10,0.1,90,0.133258417037062,0.175356094160696,0.07,0.00938503273525745,0.019889069322361,0.0028052932184255,0.0316169525808423,0.0339401030590451,0.00241380275862665,0.000116667137407686,4.8678127218643e-10,0.0001166671333336
14,25,250,1600,300,0.02,0,0.05,0,0,0,400000000,10,0.1,99,0.299839754705693,0.263152963773012,0.0732683737138042,0.0390872893441248,0.0512296179448926,0.0071348115873386,0.0301556804727242,0.033856326183593,0.0026923173076976,0.000116667411111554,8.10997013973669e-10,0.0001166670833336
14,36,250,1600,300,0.02,0,0.05,0,0,0,400000000,10,0.1,99,0.241005322430783,0.244960555528019,0.07,0.0200440917664784,0.0302404499440935,0.0038884348725534,0.0307745718769312,0.0334954696693309,0.0035000095000043,0.000116667157407695,5.31626076696333e-10,0.0001166669833335
14,49,250,1600,300,0.02,0,0.05,0,0,0,400000000,10,0.1,98,0.24845506411403,0.247324193392403,0.07,0.0195035338017458,0.0292651444402214,0.0050904722709823,0.0302268084210646,0.033421177690872,0.00452084268750605,0.000121769216156748,5.05076824766239e-05,0.0001166669583335
14,64,250,1600,300,0.02,0,0.05,0,0,0,400000000,10,0.1,90,0.119042203564893,0.156911744393301,0.07,0.00866657654989791,0.0186350369265137,0.0018812388748662,0.0339751867432931,0.034087037926404,0.00475114054299065,0.00012986661125932,0.000125221205204379,0.00011666697500015
15,25,250,1600,300,0.02,0,0.05,0,0,0,400000000,10,0.1,99,0.314035638460171,0.276140261382833,0.0859197486552199,0.0355909934840454,0.0428178938496472,0.0108182260338078,0.0253450038898764,0.0326569934767619,0.0013725588235359,0.000125053264553668,8.34381211238863e-05,0.0001166675166671
15,36,250,1600,300,0.02,0,0.05,0,0,0,400000000,10,0.1,99,0.249974178568718,0.255491011886019,0.07,0.0258087016646031,0.0369012274204284,0.0048613994739085,0.0268570751039951,0.0329779205958302,0.0020000097142908,0.000130800523523316,0.000140623896657883,0.0001166672833337
15,49,250,1600,300,0.02,0,0.05,0,0,0,400000000,10,0.1,98,0.191555235347585,0.221917035010726,0.07,0.018583309889032,0.0316266374175451,0.00453205267018575,0.0276288246289986,0.0329699688769575,0.00152246841135275,0.000116667287585392,5.85239278462484e-10,0.00011666741666705
15,64,250,1600,300,0.02,0,0.05,0,0,0,400000000,10,0.1,90,0.185733100404368,0.213116576064436,0.07,0.0143312430368279,0.0251210605542132,0.00380083117585345,0.0265112709041091,0.0322801217402229,0.0021584537144263,0.000116667178518823,4.94244581358698e-10,0.00011666719166695
16,25,250,1600,300,0.02,0,0.05,0,0,0,400000000,10,0.1,99,0.307804331286601,0.270578871884165,0.0836201458299693,0.0368378652753266,0.0441371059566684,0.0087369790929494,0.0290764870754258,0.0338790379412235,0.0018421150000042,0.000124160604379014,7.45565454286494e-05,0.0001166673166671
16,36,250,1600,300,0.02,0,0.05,0,0,0,400000000,10,0.1,99,0.21037659861591,0.232416211291207,0.07,0.0209576488504734,0.0332847433531832,0.0043326224557633,0.0291040753091401,0.0334791288460518,0.0021875096875048,0.00011666726077477,5.89906510707702e-10,0.0001166671833336
16,49,250,1600,300,0.02,0,0.05,0,0,0,400000000,10,0.1,98,0.160273018501933,0.193918951005476,0.07,0.0136430631955061,0.0275917489707462,0.0022525798335883,0.0295802207845556,0.0328810710459622,0.0028000096000055,0.000117517479081905,8.41800365138927e-06,0.0001166670666669
16,64,250,1600,300,0.02,0,0.05,0,0,0,400000000,10,0.1,90,0.162215390167426,0.207352323998507,0.07,0.0110127379994515,0.0214062245522762,0.00392879590844265,0.0291570592305034,0.0331774320412464,0.0022957085967799,0.000118519031296591,1.23526538667546e-05,0.000116667191667
17,25,250,1600,300,0.02,0,0.05,0,0,0,400000000,10,0.1,99,0.346899763371381,0.264794429056515,0.499015236602881,0.0414515183377288,0.0458908466327001,0.0287612839443313,0.0235619498976721,0.0322674351320641,0.0014893714893675,0.000125582921208426,8.87077118753484e-05,0.0001166674333338
17,36,250,1600,300,0.02,0,0.05,0,0,0,400000000,10,0.1,99,0.262275948708232,0.251029088592679,0.07,0.026245850349353,0.0349521682899345,0.0050701455343265,0.0263110222331588,0.0326224799565629,0.0022580741935521,0.000139136499232833,0.000223565954944976,0.0001166672333336
17,49,250,1600,300,0.02,0,0.05,0,0,0,400000000,10,0.1,98,0.201485724846673,0.227408843468946,0.07,0.0172552420324686,0.0267430379859456,0.0051350159727088,0.0247736290089365,0.0320492340790698,0.00181849826923675,0.000118799134422602,2.11046283772419e-05,0.00011666730000035
17,64,250,1600,300,0.02,0,0.05,0,0,0,400000000,10,0.1,90,0.169968408225187,0.210984181862696,0.07,0.0140984494227674,0.0262204544561885,0.00346250649441515,0.0243581642633111,0.0314726214453641,0.0020000097142913,0.000117593137963272,8.78415841648267e-06,0.0001166672333336
18,25,250,1600,300,0.02,0,0.05,0,0,0,400000000,10,0.1,99,0.335040945426271,0.270982619647486,0.392732919194507,0.0355795746059118,0.0406197045185596,0.0137456521718078,0.028554915101359,0.0336131440380694,0.002000009714291,0.000127338480796775,0.000106176603729058,0.000116667366667
18,36,250,1600,300,0.02,0,0.05,0,0,0,400000000,10,0.1,99,0.246404327406088,0.247255613314499,0.07,0.0217280941049009,0.0321114867971136,0.0054500010666672,0.027502607035197,0.0326742685211913,0.002692317307698,0.000136916825693702,0.000161251004992176,0.0001166671166669
18,49,250,1600,300,0.02,0,0.05,0,0,0,400000000,10,0.1,98,0.193499060310541,0.226402760099382,0.07,0.016539397146188,0.029015740144805,0.00365372624554785,0.0297323131390897,0.0336340608989925,0.00350878142857825,0.00013969129398618,0.00016235077554008,0.00011666707500025
18,64,250,1600,300,0.02,0,0.05,0,0,0,400000000,10,0.1,90,0.143824626307951,0.187955811270185,0.07,0.0130201075660015,0.0263314453938188,0.00354166731666705,0.0298834207771739,0.0333834565385826,0.0027953585209351,0.000173591049075107,0.000425495075998106,0.00011666725833365
19,25,250,1600,300,0.02,0,0.05,0,0,0,400000000,10,0.1,99,0.334344670339608,0.263987349490165,0.470600837822738,0.0372954460310126,0.0444257506474337,0.0125146340578076,0.0223495955226842,0.0316013939679874,0.0016279167441925,0.000118350909764732,1.17839367902856e-05,0.0001166673833338
19,36,250,1600,300,0.02,0,0.05,0,0,0,400000000,10,0.1,99,0.256347061862659,0.256688178055963,0.07,0.0267159520758068,0.0361083896017118,0.006366667916667,0.0242905324676927,0.0321125829040419,0.0014893714893666,0.000116667349495342,6.04065615841232e-10,0.0001166674333337
19,49,250,1600,300,0.02,0,0.05,0,0,0,400000000,10,0.1,98,0.196573637248131,0.220677544620844,0.07,0.0182726100451728,0.0299800303425129,0.0058133364445054,0.0253442421426926,0.0327373301811329,0.0015917410387651,0.000116667292007157,5.57178952093854e-10,0.0001166673833337
19,64,250,1600,300,0.02,0,0.05,0,0,0,400000000,10,0.1,90,0.139130090445251,0.185770259536337,0.07,0.0119021080830701,0.023985340437535,0.0034666673250002,0.0248379184684434,0.032228551257656,0.0019722319404832,0.000117593164074418,8.78416451617746e-06,0.000116667241667
20,25,250,1600,300,0.02,0,0.05,0,0,0,400000000,10,0.1,99,0.284188621607976,0.253567725867903,0.0743457070297354,0.0352841852363259,0.0444816781378739,0.0060807432877271,0.0287059309145862,0.0336467904964928,0.0017073268292723,0.000116667386869098,7.17257187879439e-10,0.0001166673333336
20,36,250,1600,300,0.02,0,0.05,0,0,0,400000000,10,0.1,99,0.259906391285745,0.256713981901187,0.07,0.0265605216966824,0.0378744825732382,0.0058856270258395,0.0271329583028399,0.0332982257720875,0.0017073268292722,0.000121090846166761,3.65259252861522e-05,0.0001166673500005
20,49,250,1600,300,0.02,0,0.05,0,0,0,400000000,10,0.1,98,0.20270006906974,0.226172580300822,0.07,0.0199774655159774,0.0314413388381868,0.00429733961541685,0.0281554668081954,0.033493798286079,0.0019181778941503,0.000120733918133024,4.02579112647808e-05,0.0001166672750003
20,64,250,1600,300,0.02,0,0.05,0,0,0,400000000,10,0.1,90,0.144571440035311,0.187858584582595,0.07,0.011602859786118,0.0235660350561591,0.00338719923728815,0.0282437677235768,0.0335035224740599,0.00229570859677895,0.000117593110370678,8.78411872003208e-06,0.00011666717500025
