UEIdx,lambdaBS,lambdaUE,numBlockers,deployRange,discoveryDelay,failureDetectionDelay,connectionSetupDelay,signalingAfterRachDelay,frameHopCount,frameDeliveryDelay,minRatereq,powerFac,lower_bound_thresh,GroupCount,mean_meanOutageDuration_wo_CF,std_meanOutageDuration_wo_CF,median_meanOutageDuration_wo_CF,mean_outageProbability_wo_CF,std_outageProbability_wo_CF,median_outageProbability_wo_CF,mean_meanOutageDuration,std_meanOutageDuration,median_meanOutageDuration,mean_outageProbability,std_outageProbability,median_outageProbability
1,25,500,1600,300,0.02,0,0.05,0,0,0,400000000,10,0.1,99,0.0895749587712758,0.10618504325477,0.07,0.00433266411484552,0.00443101584055447,0.0048056848631235,0.0285692885692032,0.0335894929826066,0.0018421150000058,0.000117508955555869,8.37536542743329e-06,0.0001166673333337
1,36,500,1600,300,0.02,0,0.05,0,0,0,400000000,10,0.1,99,0.0597499390872235,0.00943631596682795,0.0551421660582902,0.002378702753538,0.00208220149905525,0.0024000004500006,0.0276252474031457,0.0326055427657889,0.0025926022222262,0.000120034099158503,2.03401109561688e-05,0.000116667116667
1,49,500,1600,300,0.02,0,0.05,0,0,0,400000000,10,0.1,99,0.0583673967176668,0.00927195033496782,0.0520930330232583,0.00200521922979819,0.00171257992478147,0.0022333337333335,0.0283949900231381,0.0330849183661678,0.0026923173076994,0.000116667041246022,3.39904330767288e-10,0.0001166670833336
1,64,500,1600,300,0.02,0,0.05,0,0,0,400000000,10,0.1,99,0.0579227433579723,0.00897933756722148,0.0517742033871026,0.00220808122255916,0.00189230691868272,0.0027333338333332,0.0271237387737331,0.0318229999496749,0.0027907074418673,0.000141077855555793,0.000111201321877978,0.0001166671666669
2,25,500,1600,300,0.02,0,0.05,0,0,0,400000000,10,0.1,99,0.0974340138082375,0.116318831015392,0.07,0.00363861923965554,0.00487570284570358,0.0003666667166666,0.0357455570363806,0.0341338550820058,0.017500007500006,0.000117508815320114,8.3753695105922e-06,0.0001166667166667
2,36,500,1600,300,0.02,0,0.05,0,0,0,400000000,10,0.1,99,0.0622673067421851,0.0142759666759751,0.0644720497115449,0.00198223493394668,0.00207555550705512,0.0002000000166667,0.0345973757553503,0.0332605102001023,0.0350000050000004,0.000121212472559134,2.33064121499413e-05,0.0001166666833333
2,49,500,1600,300,0.02,0,0.05,0,0,0,400000000,10,0.1,99,0.0600847938002269,0.00952289289252396,0.0533333416666653,0.00164629660067357,0.00169405850617666,0.0005333334166666,0.0349268510785335,0.0336735424607503,0.0116666750000066,0.000116666971043963,3.36798372899693e-10,0.00011666675
2,64,500,1600,300,0.02,0,0.05,0,0,0,400000000,10,0.1,99,0.059942453008619,0.00940588470936289,0.0566666733333083,0.00187037071919214,0.00192559855440988,0.0002833333666667,0.0346468922966404,0.0330760906322369,0.0233333400000003,0.000138552537373931,0.000119395921404347,0.0001166667
3,25,500,1600,300,0.02,0,0.05,0,0,0,400000000,10,0.1,99,0.0687171260447974,0.0114539049315434,0.07,0.0029496917887485,0.00332204938763271,0.0001166666666667,0.0373119898508379,0.0340993172575535,0.07,0.000119192346464911,1.86512519657906e-05,0.0001166666666667
3,36,500,1600,300,0.02,0,0.05,0,0,0,400000000,10,0.1,99,0.0612594388068525,0.00911074020086715,0.0606663333395707,0.00176917003703598,0.00188309493761413,0.0002833333666667,0.0346067952958771,0.0331649240461215,0.0233333399999982,0.000117508731986723,8.37538981158047e-06,0.0001166667
3,49,500,1600,300,0.02,0,0.05,0,0,0,400000000,10,0.1,99,0.0605427341558764,0.00947244640713744,0.0566666733333338,0.00176016843153784,0.00194066955256048,0.0002833333666667,0.0362956716143569,0.0337019444985083,0.0233333400000003,0.00011750874377124,8.37537677130656e-06,0.0001166667
3,64,500,1600,300,0.02,0,0.05,0,0,0,400000000,10,0.1,99,0.0603730281129021,0.00921646955084184,0.0600000049999812,0.00177272759899011,0.00185724922505201,0.0002000000166667,0.0352166672236142,0.0332296812639862,0.035000005,0.00012962995589244,8.15995678901312e-05,0.0001166666833333
4,25,500,1600,300,0.02,0,0.05,0,0,0,400000000,10,0.1,99,0.0888201829354278,0.100698032124323,0.07,0.00464957668745793,0.00462290115731056,0.0049999537513247,0.0256905716972642,0.0329372174543077,0.0016279167441913,0.000118350740572725,1.67507261496521e-05,0.000116667366667
4,36,500,1600,300,0.02,0,0.05,0,0,0,400000000,10,0.1,99,0.0603139700777974,0.0104753042654247,0.0546348030953933,0.00274433606859559,0.00215888383510276,0.0033332411595123,0.0254509524289854,0.0324629530366685,0.0021212218181889,0.000122559408754501,3.20602156603697e-05,0.000116667266667
4,49,500,1600,300,0.02,0,0.05,0,0,0,400000000,10,0.1,99,0.0576606536290412,0.00918679253570771,0.0514285807142901,0.00222861994798004,0.00177699659565929,0.0026500005000002,0.0260765104682754,0.0326596220882649,0.0022580741935542,0.000116667086027173,3.52475285581267e-10,0.000116667166667
4,64,500,1600,300,0.02,0,0.05,0,0,0,400000000,10,0.1,99,0.0575305958568891,0.00910877479854266,0.0511111208333379,0.00249023616060633,0.00188244404040928,0.003200000616667,0.0258876274565816,0.0322873224519318,0.0026923173076969,0.000153199123569294,0.000201773310343297,0.0001166673166672
5,25,500,1600,300,0.02,0,0.05,0,0,0,400000000,10,0.1,99,0.0943081612200983,0.0992215346441254,0.07,0.00371430212138854,0.00397912646827952,0.002900000533334,0.0308180630893668,0.0333907187246683,0.004117656470594,0.000119192371885793,2.51260280280077e-05,0.0001166669333335
5,36,500,1600,300,0.02,0,0.05,0,0,0,400000000,10,0.1,99,0.0619938635230462,0.0151063897197742,0.060000004999999,0.00222569097438926,0.00212880364960307,0.0021166670666668,0.0305518221356317,0.0328126650826927,0.0041463512195166,0.00016548860067363,0.000340902667448952,0.0001166671166669
5,49,500,1600,300,0.02,0,0.05,0,0,0,400000000,10,0.1,99,0.0590317951070629,0.00919547925271306,0.0522222311111133,0.00183266027188573,0.00175394943727989,0.0012833335666669,0.0301984241989082,0.0331328558032123,0.0046666760000036,0.000116667005892457,3.47352601242471e-10,0.0001166669000001
5,64,500,1600,300,0.02,0,0.05,0,0,0,400000000,10,0.1,99,0.0585264259108212,0.00921452509344669,0.0520454643181935,0.00203855256952885,0.00182646654566952,0.0022333337333336,0.029544674506734,0.0325986711754476,0.0041509532075521,0.000155387586363862,0.000230323551080691,0.000116667116667
6,25,500,1600,300,0.02,0,0.05,0,0,0,400000000,10,0.1,99,0.0813406592802308,0.0739522862303107,0.07,0.00378613020117896,0.0035616445686835,0.0043721903394922,0.0307146401659214,0.0339175915230789,0.0021875096875063,0.000117508927946437,8.37536315479039e-06,0.0001166671833337
6,36,500,1600,300,0.02,0,0.05,0,0,0,400000000,10,0.1,99,0.0619928387812086,0.0113856034593492,0.0600000050000008,0.00214691318002288,0.00204965614512293,0.0018666670166667,0.0298028190129401,0.0325863146468438,0.003181827727279,0.000116667033333549,3.7296709846935e-10,0.0001166670166669
6,49,500,1600,300,0.02,0,0.05,0,0,0,400000000,10,0.1,99,0.0587758058209176,0.00936717718772197,0.0518367444898014,0.00195690272255915,0.00176514218084326,0.0022833337666668,0.0300887132847327,0.0332713543927918,0.0025926022222257,0.000116667032323445,3.50670241603513e-10,0.0001166671000002
6,64,500,1600,300,0.02,0,0.05,0,0,0,400000000,10,0.1,99,0.0586179347771839,0.00921248454295415,0.0518421150000016,0.00208333372373763,0.00188264277274186,0.0023666671166668,0.0298130261025783,0.0325973509822577,0.0037777875555611,0.000142761333165213,0.000202956657074763,0.0001166671166669
7,25,500,1600,300,0.02,0,0.05,0,0,0,400000000,10,0.1,99,0.0842141646963699,0.0889931990547476,0.07,0.00434011955747698,0.0044507142902889,0.004605651777914,0.0277606314977842,0.0335115233955301,0.0018421150000044,0.00011666721717204,4.88440640185456e-10,0.0001166672833336
7,36,500,1600,300,0.02,0,0.05,0,0,0,400000000,10,0.1,99,0.060220576317321,0.0100682301629497,0.0544444541666763,0.00241651824052917,0.002133981765278,0.0024500004666668,0.0277512204252658,0.0329806056130316,0.0024138027586281,0.000121717599831905,4.26220968499978e-05,0.0001166671333336
7,49,500,1600,300,0.02,0,0.05,0,0,0,400000000,10,0.1,99,0.0582958166339465,0.00932498838447876,0.0514754196721367,0.00214259716623913,0.0018503583982612,0.0023666671166674,0.0282890092855238,0.0331647840227508,0.0025000096428635,0.000116667068687109,3.66800361246808e-10,0.000116667116667
7,64,500,1600,300,0.02,0,0.05,0,0,0,400000000,10,0.1,99,0.0581349706641721,0.00929196886070144,0.0511392503797545,0.00237676812525276,0.00198957329640014,0.0025333338166672,0.0277586397005444,0.0329865654818021,0.0024138027586259,0.000131818630303279,9.84313745742476e-05,0.0001166671500003
8,25,500,1600,300,0.02,0,0.05,0,0,0,400000000,10,0.1,99,0.0944318966203828,0.123495902826601,0.07,0.00482233579072713,0.005992967431009,0.0049568240323917,0.0278613016219896,0.0334464647200031,0.0017948815384672,0.000117508975926246,8.37536335990217e-06,0.0001166673833337
8,36,500,1600,300,0.02,0,0.05,0,0,0,400000000,10,0.1,99,0.0606303436238409,0.00976234187087549,0.0575517297778341,0.00236397019819796,0.00205605444439041,0.002400000433334,0.0274996647580651,0.0324450843349786,0.0028000096000056,0.00012424283670058,6.08087056971306e-05,0.0001166671000003
8,49,500,1600,300,0.02,0,0.05,0,0,0,400000000,10,0.1,99,0.0580623778557595,0.00917827653669812,0.0516000095999978,0.00223148190050529,0.00187180587066704,0.0026166671666665,0.0273199560786366,0.0327641791270364,0.0024000098000039,0.000117508836532232,8.37535550768184e-06,0.0001166671666669
8,64,500,1600,300,0.02,0,0.05,0,0,0,400000000,10,0.1,99,0.0579771978616952,0.0090647828959438,0.0518000098000095,0.00228636406565684,0.00186095701928141,0.0027833338666672,0.0272154054308462,0.0322597227580053,0.0024138027586261,0.000148148577441318,0.000157986413604122,0.0001166672000001
9,25,500,1600,300,0.02,0,0.05,0,0,0,400000000,10,0.1,99,0.0821140679237101,0.0634158877813004,0.07,0.00427249014552912,0.00440062440655771,0.005050892567636,0.0292113020307824,0.0337661472342691,0.0018421150000057,0.000116667180808386,4.69756569253473e-10,0.0001166672833337
9,36,500,1600,300,0.02,0,0.05,0,0,0,400000000,10,0.1,99,0.0610885452027755,0.0115537306652463,0.0600000049999954,0.00229038252841442,0.00207761488251259,0.0024952869532439,0.0273084784353909,0.0318855203560151,0.0026923173076991,0.000119192317677013,1.86512285457143e-05,0.0001166671333336
9,49,500,1600,300,0.02,0,0.05,0,0,0,400000000,10,0.1,99,0.0581975763265365,0.00925594981898878,0.0515384707692359,0.00200976468636385,0.00177483388624611,0.0019500003666669,0.0280954673460411,0.0327805943094738,0.0030434878260942,0.000116667043266214,3.53015375708108e-10,0.0001166670333336
9,64,500,1600,300,0.02,0,0.05,0,0,0,400000000,10,0.1,99,0.0580424505430101,0.00894731611737761,0.0516981230188737,0.00219360310454571,0.00188029969550442,0.0024833338000003,0.0278992318789072,0.0317519413242438,0.0025926022222248,0.000167172128114716,0.000301831702032928,0.0001166671333336
10,25,500,1600,300,0.02,0,0.05,0,0,0,400000000,10,0.1,99,0.0835586519873934,0.0873292487128709,0.07,0.00391410816507405,0.00494326177597013,0.0038130114598211,0.0306887873929211,0.0339364001322827,0.0020000097142922,0.000116667146969998,4.65227410774968e-10,0.0001166672333337
10,36,500,1600,300,0.02,0,0.05,0,0,0,400000000,10,0.1,99,0.0607236692557043,0.0104145800165907,0.0541944377249757,0.00237182739835684,0.00222894924556328,0.0025333338166669,0.030469568160565,0.0331970252658138,0.0027272825000054,0.00015707112609453,0.000368541135399831,0.0001166671500003
10,49,500,1600,300,0.02,0,0.05,0,0,0,400000000,10,0.1,99,0.058885493771498,0.00945674282099602,0.0515789571929873,0.00203821587020226,0.00189121447584151,0.0021166670499998,0.0305625243894316,0.0335064877296968,0.0029166762500061,0.000117508799495177,8.37531527229862e-06,0.0001166671000002
10,64,500,1600,300,0.02,0,0.05,0,0,0,400000000,10,0.1,99,0.0587793529201602,0.00924861695229015,0.0520000097142963,0.00203436504157926,0.00183371525038302,0.0023666671166669,0.0303766242743547,0.0325891257666182,0.004666676000006,0.000168855599158466,0.00024959891375894,0.0001166671166668
11,25,500,1600,300,0.02,0,0.05,0,0,0,400000000,10,0.1,99,0.0901033663170081,0.106075495113883,0.07,0.0036083208430334,0.00385184849266666,0.0038952831966863,0.0336448481927409,0.034126489495117,0.004375009375003,0.000116667114141673,4.68148784763794e-10,0.0001166669166667
11,36,500,1600,300,0.02,0,0.05,0,0,0,400000000,10,0.1,99,0.0619216692918538,0.0108945303041679,0.0620757899798791,0.00205416505490904,0.0021068973557397,0.001474485486601,0.0327498257169165,0.0328976179925517,0.0058333425000073,0.000134343789730854,0.000151182431411516,0.0001166669333335
11,49,500,1600,300,0.02,0,0.05,0,0,0,400000000,10,0.1,99,0.0595724747272199,0.00949056921271376,0.0525000097222301,0.00192154918063997,0.00184988584072545,0.0021166670666668,0.0330219155953712,0.0336301800423799,0.0031818277272793,0.000117508776599541,8.37533790241293e-06,0.0001166670666668
11,64,500,1600,300,0.02,0,0.05,0,0,0,400000000,10,0.1,99,0.0596421326818531,0.00938051659670127,0.0526923173077058,0.0019473067592595,0.00183435182205199,0.0022833337500006,0.0333061639522101,0.0332861164742076,0.0101960882352991,0.000157071069023785,0.000200043870783559,0.0001166671000003
12,25,500,1600,300,0.02,0,0.05,0,0,0,400000000,10,0.1,99,0.0846728920412819,0.076992033765384,0.07,0.00405972919608023,0.00402666472781541,0.0043682286670057,0.0299854732588458,0.0338276973092673,0.0018919016216274,0.000116667166498607,4.78521304498171e-10,0.000116667266667
12,36,500,1600,300,0.02,0,0.05,0,0,0,400000000,10,0.1,99,0.0601926414121755,0.00949952601064629,0.0566666733333083,0.00229801478398006,0.00207213685682873,0.0027047316143749,0.0293442054137395,0.0328143505557341,0.0029824659649163,0.000121717585858827,2.32621862375066e-05,0.000116667166667
12,49,500,1600,300,0.02,0,0.05,0,0,0,400000000,10,0.1,99,0.0590281925647108,0.00934808802423346,0.0523077020512853,0.00187104411835039,0.00169106928830075,0.0020333337166664,0.0305924029808503,0.0334733419537316,0.0029166762500055,0.000116667013973267,3.34908919007461e-10,0.0001166670500002
12,64,500,1600,300,0.02,0,0.05,0,0,0,400000000,10,0.1,99,0.0583922694576091,0.00928394296013551,0.0516071526785669,0.00208316537424264,0.00181810890618397,0.0023666671166665,0.0288138050356493,0.0328826166920861,0.0031579044736892,0.000125084566161844,4.8350044856963e-05,0.0001166671166669
13,25,500,1600,300,0.02,0,0.05,0,0,0,400000000,10,0.1,99,0.0779646181004102,0.0627656752618348,0.07,0.00347548699305757,0.00331722048616355,0.0039184109269837,0.03198502657374,0.0341808950781305,0.0021212218181869,0.000116667138552465,4.70511894663615e-10,0.0001166672000003
13,36,500,1600,300,0.02,0,0.05,0,0,0,400000000,10,0.1,99,0.0613655740125859,0.0106009697164105,0.0600000050000097,0.00241761585875502,0.00227681074104827,0.0028666672166661,0.0313865300331437,0.0334901154602317,0.0023333430000041,0.000137710859259496,0.000184559751752895,0.0001166671833337
13,49,500,1600,300,0.02,0,0.05,0,0,0,400000000,10,0.1,99,0.0595090986296088,0.00947638016216983,0.0530000096666715,0.00183552222592614,0.00168505980894895,0.002200000416667,0.0322604860673642,0.033933009005945,0.0026923173076969,0.00011666700707091,3.34361606966539e-10,0.0001166670833335
13,64,500,1600,300,0.02,0,0.05,0,0,0,400000000,10,0.1,99,0.0588188525149986,0.00926263378832552,0.052045464318186,0.00197373774276115,0.00178149074076592,0.0025333338166672,0.0309651786358415,0.032684750770032,0.0031818277272767,0.000158754577777989,0.000273388362471366,0.0001166671500003
14,25,500,1600,300,0.02,0,0.05,0,0,0,400000000,10,0.1,99,0.0935872454326197,0.111521858432926,0.07,0.00408912834308503,0.00517476022069706,0.00390250052254,0.0333867915274102,0.0342921835451427,0.0035000095000058,0.000117508887374014,8.3753621968189e-06,0.0001166669833335
14,36,500,1600,300,0.02,0,0.05,0,0,0,400000000,10,0.1,99,0.0602557268510036,0.00922786388598293,0.060000004999999,0.00203933375039315,0.00196990073668052,0.0020666670500001,0.0310202072806538,0.0325865709567391,0.0031818277272786,0.000120034036868902,3.35013315641632e-05,0.0001166670500003
14,49,500,1600,300,0.02,0,0.05,0,0,0,400000000,10,0.1,99,0.0594542823712098,0.009512653866612,0.0522500097500004,0.0020644785001686,0.00195111589563827,0.0022000004166671,0.0323246482362092,0.0339423709211186,0.002692317307698,0.000116667052357137,3.84743326145882e-10,0.0001166670833336
14,64,500,1600,300,0.02,0,0.05,0,0,0,400000000,10,0.1,99,0.059023693253348,0.0090135768574382,0.0534042651063857,0.00213047177845142,0.00201651672629773,0.002366667116667,0.0306755219874904,0.0322474649375967,0.0043589841025671,0.000139394337373958,8.73344698233164e-05,0.0001166671166669
15,25,500,1600,300,0.02,0,0.05,0,0,0,400000000,10,0.1,99,0.0875039185807304,0.0768141237393543,0.07,0.00393422461720288,0.00379581496200771,0.0044114895359535,0.0293924966503835,0.0336312078228166,0.0021875096875061,0.000118350656229238,1.1783967356153e-05,0.0001166672166669
15,36,500,1600,300,0.02,0,0.05,0,0,0,400000000,10,0.1,99,0.0591905034601404,0.00946062254422183,0.0533333429629649,0.00225596371185973,0.00206391890971079,0.0022000004166671,0.0272657039780109,0.0319406783229812,0.0031579044736881,0.00011919232828307,1.8651225575626e-05,0.0001166670833335
15,49,500,1600,300,0.02,0,0.05,0,0,0,400000000,10,0.1,99,0.0585166367201709,0.00924036813758731,0.0519444541666781,0.00206313169983188,0.00186822171276233,0.0021166670666669,0.028988003696079,0.0328930123195904,0.0028000096000053,0.000117508804208987,8.37537232668113e-06,0.0001166670666669
15,64,500,1600,300,0.02,0,0.05,0,0,0,400000000,10,0.1,99,0.0577766920936568,0.00881590197522707,0.0517647156862804,0.00214511824730666,0.00181296427667793,0.002533333816667,0.0266581850936508,0.0312957230910978,0.0029166762500023,0.000138552590740968,0.000146571724016555,0.0001166671500002
16,25,500,1600,300,0.02,0,0.05,0,0,0,400000000,10,0.1,99,0.0871070719142954,0.0846558291398802,0.07,0.00377401816038418,0.00417850374710903,0.0038830947112405,0.0318289900791684,0.0338572082504535,0.0021875096875055,0.000116667135353808,4.6825115955807e-10,0.0001166671833336
16,36,500,1600,300,0.02,0,0.05,0,0,0,400000000,10,0.1,99,0.059337206600158,0.00892682964690789,0.0550489371597912,0.00218493163004765,0.00207484199442195,0.0020333337166666,0.0298596183909668,0.0322147926921202,0.0035000095000043,0.000142761343434593,0.000234691931882579,0.0001166670500003
16,49,500,1600,300,0.02,0,0.05,0,0,0,400000000,10,0.1,99,0.0587582615109384,0.00911906502919916,0.0521153944230829,0.00182346002296572,0.00175684112062827,0.0014500002666663,0.0296096999567276,0.0325945915515708,0.0041176564705928,0.000117508754714007,8.37533843133829e-06,0.0001166669333335
16,64,500,1600,300,0.02,0,0.05,0,0,0,400000000,10,0.1,99,0.0585797662277742,0.0090480392421218,0.0528070273684197,0.00206225120172421,0.00182829279673308,0.0022833337666674,0.0307865544774958,0.0317045225701182,0.0146153943589772,0.000262963347474971,0.000564127840669764,0.0001166671333334
17,25,500,1600,300,0.02,0,0.05,0,0,0,400000000,10,0.1,99,0.101884502550564,0.129108160371508,0.07,0.00477889777060283,0.00485170619239725,0.0051166676666673,0.026112789167785,0.0326824733057278,0.0017948815384676,0.000119192446464956,1.43577532555929e-05,0.0001166673333337
17,36,500,1600,300,0.02,0,0.05,0,0,0,400000000,10,0.1,99,0.0591102832163882,0.00925370913698758,0.0525000087500062,0.00240342160348012,0.00203983686710906,0.0028666672166668,0.0259170483188052,0.0318734738174253,0.0025000096428622,0.000126768111448066,6.96939951442505e-05,0.0001166671666669
17,49,500,1600,300,0.02,0,0.05,0,0,0,400000000,10,0.1,99,0.0581349565052559,0.00894708534756211,0.0523684307894778,0.00200959633333353,0.00176705218025341,0.0018666670166665,0.0267386409170472,0.0323084574340059,0.003181827727277,0.000117508791246005,8.3753499518016e-06,0.0001166670166668
17,64,500,1600,300,0.02,0,0.05,0,0,0,400000000,10,0.1,99,0.0573294286669283,0.00891410450536898,0.051525433559329,0.00241397351952888,0.00189209621916552,0.0031166672666667,0.0250812988853449,0.0315644426788834,0.0024138027586246,0.000144444900000263,0.000112309405696341,0.0001166672666669
18,25,500,1600,300,0.02,0,0.05,0,0,0,400000000,10,0.1,99,0.0815901883312296,0.0708216091309358,0.07,0.00376315061074973,0.00385447770760399,0.004079404203604,0.0306751252245526,0.0339491198105017,0.001944454166672,0.000117508904040701,8.37537404056641e-06,0.0001166672500004
18,36,500,1600,300,0.02,0,0.05,0,0,0,400000000,10,0.1,99,0.0604868314831772,0.0101886109523405,0.0575107090567106,0.0024345116562657,0.00224948258074259,0.0029833338833335,0.0293597507949024,0.0327316755745748,0.0022641607547226,0.000138720968687125,0.000202854261092385,0.0001166672166669
18,49,500,1600,300,0.02,0,0.05,0,0,0,400000000,10,0.1,99,0.0587812901395631,0.00923626250488108,0.0520930330232602,0.00199622761024992,0.00182333125002046,0.0020333337166668,0.0298826341864679,0.0330046128745331,0.0029166762500025,0.000116667039225807,3.6128029494672e-10,0.0001166670500001
18,64,500,1600,300,0.02,0,0.05,0,0,0,400000000,10,0.1,99,0.0584483066835806,0.00920634877439896,0.0513207645283004,0.00201818219696993,0.00182228166244487,0.0022333337500001,0.029605860404029,0.0322043822088813,0.0035000095000032,0.000159933038720752,0.000235292118688616,0.0001166671166669
19,25,500,1600,300,0.02,0,0.05,0,0,0,400000000,10,0.1,99,0.0937543111315536,0.124219669538657,0.07,0.00432495108516697,0.00461443831876608,0.0041461911512278,0.0259993989226066,0.0327444283457973,0.0020000097142906,0.000121717706902674,3.73024169060182e-05,0.0001166673000003
19,36,500,1600,300,0.02,0,0.05,0,0,0,400000000,10,0.1,99,0.0587766819056886,0.00937439304684426,0.0528599007215605,0.00247485673580405,0.00203357476052055,0.0029833339000008,0.0253650187432548,0.0320791563685903,0.0021875096875041,0.00011835062070734,1.17839339943818e-05,0.0001166672000003
19,49,500,1600,300,0.02,0,0.05,0,0,0,400000000,10,0.1,99,0.0574582993831733,0.00899510214458854,0.0510000095000024,0.00220990728845769,0.00172287753313389,0.002533333816667,0.0250480542270209,0.0321299564935488,0.0023333430000065,0.000116667080808326,3.39929513660764e-10,0.0001166671500002
19,64,500,1600,300,0.02,0,0.05,0,0,0,400000000,10,0.1,99,0.0572749462676229,0.00896384120629391,0.0510526413158014,0.00229781188114505,0.00173897052039364,0.0030333339166663,0.0252409988683591,0.0315863601891028,0.0023529509803975,0.000148653631986774,0.0001626676560152,0.0001166672333337
20,25,500,1600,300,0.02,0,0.05,0,0,0,400000000,10,0.1,99,0.0799048775023833,0.0680369605817708,0.07,0.00406659987156789,0.00393919448310191,0.0044500008666672,0.0284494413371948,0.0336723613507311,0.0015555653333393,0.000116667197306712,4.69444770384528e-10,0.0001166674000004
20,36,500,1600,300,0.02,0,0.05,0,0,0,400000000,10,0.1,99,0.0598145688309402,0.00928692066209566,0.0531309118428116,0.00222051248530633,0.00197398678710559,0.0022000004166673,0.0285754010690988,0.0330413045870165,0.0030434878260933,0.000126768076094517,7.74018379971142e-05,0.0001166670833336
20,49,500,1600,300,0.02,0,0.05,0,0,0,400000000,10,0.1,99,0.0583509972608373,0.00931604832574865,0.0515000098333416,0.00214661026913121,0.00183861032506138,0.0023166670833333,0.0283919606903228,0.0331787809140847,0.0025926022222264,0.000116667069865552,3.65502954116971e-10,0.0001166671000002
20,64,500,1600,300,0.02,0,0.05,0,0,0,400000000,10,0.1,99,0.0582978866210743,0.00934491849703053,0.0518750097916698,0.00231532030151539,0.00195413820989711,0.0028666672166668,0.0291555440091885,0.0329087949255755,0.0024138027586273,0.000173064409259506,0.000281423241662634,0.0001166672166669
