UEIdx,lambdaBS,lambdaUE,numBlockers,deployRange,discoveryDelay,failureDetectionDelay,connectionSetupDelay,signalingAfterRachDelay,frameHopCount,frameDeliveryDelay,minRatereq,powerFac,lower_bound_thresh,GroupCount,mean_meanOutageDuration_wo_CF,std_meanOutageDuration_wo_CF,median_meanOutageDuration_wo_CF,mean_outageProbability_wo_CF,std_outageProbability_wo_CF,median_outageProbability_wo_CF,mean_meanOutageDuration,std_meanOutageDuration,median_meanOutageDuration,mean_outageProbability,std_outageProbability,median_outageProbability
1,49,500,436,300,0.02,0,0.05,0,0,0,400000000,10,0.1,50,0.103307493385531,0.136921556446183,0.07,0.00143452459943998,0.00433205562895332,1.94444444444e-05,0.0534638021946909,0.0297328904792864,0.07,1.9444525221598e-05,1.67722974451475e-10,1.94444444444e-05
2,49,500,436,300,0.02,0,0.05,0,0,0,400000000,10,0.1,50,0.0983717830894501,0.113061414611536,0.07,0.00113282061867078,0.00331775189482953,1.94444444444e-05,0.0602781698562819,0.0243401174395693,0.07,1.9444502610634e-05,1.61865050184684e-10,1.94444444444e-05
3,49,500,436,300,0.02,0,0.05,0,0,0,400000000,10,0.1,50,0.07480675402736,0.0397941132816937,0.07,0.000533158972274106,0.00109735162007864,1.94444444444e-05,0.0551084484726736,0.0284196952787252,0.07,1.9444528054926e-05,1.82320230047473e-10,1.94444444444e-05
4,49,500,436,300,0.02,0,0.05,0,0,0,400000000,10,0.1,50,0.111133825888307,0.144677554467669,0.07,0.00144183573949495,0.00387414799731495,1.94444444444e-05,0.0535995052415122,0.0295388843929692,0.07,1.9444535610426e-05,1.82400054238746e-10,1.94444444444e-05
5,49,500,436,300,0.02,0,0.05,0,0,0,400000000,10,0.1,50,0.109656742092361,0.138436097195339,0.07,0.00160201131101151,0.00458052593234766,1.94444444444e-05,0.0561307696785748,0.028020444128337,0.07,1.9444517221656e-05,1.62370744736157e-10,1.94444444444e-05
6,49,500,436,300,0.02,0,0.05,0,0,0,400000000,10,0.1,50,0.0900987007691811,0.101343481384519,0.07,0.000933406964545764,0.00220085429248854,1.94444444444e-05,0.0561146814607402,0.028053064647942,0.07,1.9444529110448e-05,1.83048531371303e-10,1.94444444444e-05
7,49,500,436,300,0.02,0,0.05,0,0,0,400000000,10,0.1,50,0.106601726589727,0.129068847234076,0.07,0.00206701450145757,0.00528313318696991,1.94444444444e-05,0.0519211102009988,0.0308098632870555,0.07,1.944456422131e-05,2.1464222193223e-10,1.94444444444e-05
8,49,500,436,300,0.02,0,0.05,0,0,0,400000000,10,0.1,50,0.126939234205432,0.157774286270944,0.07,0.00234438925950587,0.00689994069245142,1.94444444444e-05,0.0575748572471635,0.026793781033124,0.07,1.9444510443942e-05,1.59062583807015e-10,1.94444444444e-05
9,49,500,436,300,0.02,0,0.05,0,0,0,400000000,10,0.1,50,0.093032761533877,0.119786225876521,0.07,0.00124254132696441,0.00368371538884475,1.94444444444e-05,0.0560930199761157,0.0280964213081664,0.07,1.9444533943744e-05,1.86950385639053e-10,1.94444444444e-05
10,49,500,436,300,0.02,0,0.05,0,0,0,400000000,10,0.1,50,0.0782454856364318,0.0640506940851427,0.07,0.00052773332254146,0.00214152788323434,1.94444444444e-05,0.0630490337700293,0.0210646488264293,0.07,1.9444486721884e-05,1.33329216076335e-10,1.94444444444e-05
11,49,500,436,300,0.02,0,0.05,0,0,0,400000000,10,0.1,50,0.120335739789871,0.157357024622562,0.07,0.00203245177057673,0.00511528227018663,1.94444444444e-05,0.0491948434350724,0.0321040379532189,0.07,1.944456316577e-05,2.03011724496211e-10,1.94444444444e-05
12,49,500,436,300,0.02,0,0.05,0,0,0,400000000,10,0.1,50,0.0881809134538082,0.0954015950715942,0.07,0.00100635414519474,0.00295029673072223,1.94444444444e-05,0.0574894530225957,0.0269733916968615,0.07,1.94445213883e-05,1.73558294374107e-10,1.94444444444e-05
13,49,500,436,300,0.02,0,0.05,0,0,0,400000000,10,0.1,50,0.0895340402169455,0.100217154556385,0.07,0.000760689121365788,0.00185188744557938,1.94444444444e-05,0.0575177536838444,0.0269128606847482,0.07,1.9444514499432e-05,1.66082657793298e-10,1.94444444444e-05
14,49,500,436,300,0.02,0,0.05,0,0,0,400000000,10,0.1,50,0.120706203069727,0.144224635021111,0.07,0.00176788517627116,0.00512408553471795,1.94444444444e-05,0.0577393666629086,0.0264762926437301,0.07,1.9444498999564e-05,1.32833954483878e-10,1.94444444444e-05
15,49,500,436,300,0.02,0,0.05,0,0,0,400000000,10,0.1,50,0.142108763278785,0.183621184735076,0.07,0.00254581434354518,0.00685264681981612,1.94444444444e-05,0.0534080023015239,0.029827933510559,0.07,1.9444532888222e-05,1.84759465422587e-10,1.94444444444e-05
16,49,500,436,300,0.02,0,0.05,0,0,0,400000000,10,0.1,50,0.0898723036893004,0.102069495331703,0.07,0.000489014175056458,0.0015124890772256,1.94444444444e-05,0.0617309552298934,0.0226234790225802,0.07,1.9444485944094e-05,1.31818425917554e-10,1.94444444444e-05
17,49,500,436,300,0.02,0,0.05,0,0,0,400000000,10,0.1,50,0.110042021595045,0.138916493961842,0.07,0.00156141427333246,0.00461026916393016,1.94444444444e-05,0.0588957423671531,0.0257015190361165,0.07,1.9444504332846e-05,1.51042076976639e-10,1.94444444444e-05
18,49,500,436,300,0.02,0,0.05,0,0,0,400000000,10,0.1,50,0.0782872797212431,0.0658634920289074,0.07,0.000745791515431696,0.00270083918133074,1.94444444444e-05,0.0602591151441331,0.0243877004859665,0.07,1.9444510277252e-05,1.67213721024459e-10,1.94444444444e-05
19,49,500,436,300,0.02,0,0.05,0,0,0,400000000,10,0.1,50,0.102337983679784,0.131325180653767,0.07,0.00126852394011684,0.00443422490677652,1.94444444444e-05,0.0603094852058702,0.0242624033822882,0.07,1.944449277739e-05,1.35930133390762e-10,1.94444444444e-05
20,49,500,436,300,0.02,0,0.05,0,0,0,400000000,10,0.1,50,0.0957913407772179,0.102679819907897,0.07,0.000993086824902036,0.00257755844360969,1.94444444444e-05,0.0588968581845264,0.0256991164353032,0.07,1.9444510055022e-05,1.67363959631149e-10,1.94444444444e-05
