UEIdx,lambdaBS,lambdaUE,numBlockers,deployRange,discoveryDelay,failureDetectionDelay,connectionSetupDelay,signalingAfterRachDelay,frameHopCount,frameDeliveryDelay,minRatereq,powerFac,lower_bound_thresh,GroupCount,mean_meanOutageDuration_wo_CF,std_meanOutageDuration_wo_CF,median_meanOutageDuration_wo_CF,mean_outageProbability_wo_CF,std_outageProbability_wo_CF,median_outageProbability_wo_CF,mean_meanOutageDuration,std_meanOutageDuration,median_meanOutageDuration,mean_outageProbability,std_outageProbability,median_outageProbability
1,25,250,1600,300,0.02,0,0.05,0,0,0,400000000,10,0.1,99,0.336480598108317,0.268641378170613,0.401178116967634,0.0396659785008179,0.0469779319971678,0.0095780698855437,0.028929578852054,0.0331826917974629,0.0052436804845248,0.00036433917150139,0.00123793100066432,0.0001166673000003
1,36,250,1600,300,0.02,0,0.05,0,0,0,400000000,10,0.1,99,0.27099603843278,0.251373706415328,0.07,0.0287800590271025,0.036893074489176,0.0063166679000004,0.0286671944910098,0.0326200616046069,0.0037949412392184,0.00030605635706986,0.0008057965391858,0.0001166673666671
1,49,250,1600,300,0.02,0,0.05,0,0,0,400000000,10,0.1,99,0.191431047577018,0.218326050282336,0.07,0.0174481533273596,0.0295041599990446,0.004900000933334,0.028114334165021,0.0319005779956525,0.0031818277272793,0.000301202287216094,0.000698940652978244,0.0001166673500004
1,64,250,1600,300,0.02,0,0.05,0,0,0,400000000,10,0.1,99,0.169773994463661,0.209762946473405,0.07,0.0157029769157221,0.0281994754159999,0.0042833341666673,0.0325301738862081,0.0453544745372583,0.0048183424466085,0.000565221438218576,0.00262273000992368,0.0001166673666671
2,25,250,1600,300,0.02,0,0.05,0,0,0,400000000,10,0.1,99,0.323406775763112,0.279393255110958,0.0854160642096541,0.0345782707404818,0.0442078415621967,0.0054500010666672,0.0330893739735922,0.0329066923980621,0.0142745838222876,0.000490246969044135,0.00162358230460698,0.0001166670166669
2,36,250,1600,300,0.02,0,0.05,0,0,0,400000000,10,0.1,99,0.206474276934762,0.228902366740988,0.07,0.0195164705108477,0.0353768196452366,0.001950000366667,0.0342624520777949,0.0326578788786688,0.035000005,0.000259286507800362,0.000815281713847592,0.0001166668000001
2,49,250,1600,300,0.02,0,0.05,0,0,0,400000000,10,0.1,99,0.145564312023839,0.180259585490109,0.07,0.0109929477980079,0.0225434704590014,0.0017000003166671,0.0339992372698049,0.0333348462518201,0.0124427532984229,0.000206499381261724,0.000449167982864244,0.0001166668833334
2,64,250,1600,300,0.02,0,0.05,0,0,0,400000000,10,0.1,99,0.131772278130375,0.178346295594603,0.07,0.00850485299445549,0.0180846521626913,0.0008666668166669,0.0380071515322477,0.0390079214928796,0.0350000049999969,0.00031408089606894,0.000782273837145694,0.0001166668166668
3,25,250,1600,300,0.02,0,0.05,0,0,0,400000000,10,0.1,99,0.267269077345799,0.252020393899692,0.07,0.0282079684637994,0.042816500699954,0.0045537145908334,0.0339375330294166,0.0330893886169023,0.0151010942944527,0.000257104216206314,0.000544091248788716,0.0001166669500002
3,36,250,1600,300,0.02,0,0.05,0,0,0,400000000,10,0.1,99,0.236711050032787,0.238776722009226,0.07,0.0239888115181709,0.037674855412267,0.0008666668166669,0.0361698825493719,0.0336434778877281,0.0350000049999969,0.000231938975142344,0.000627543102599498,0.0001166667666667
3,49,250,1600,300,0.02,0,0.05,0,0,0,400000000,10,0.1,99,0.185945792364442,0.213369125580052,0.07,0.0160777338592042,0.0296755864773245,0.0002000000166667,0.0447881455956199,0.0644565567553524,0.07,0.000994963381779926,0.00531701953994339,0.0001166666833333
3,64,250,1600,300,0.02,0,0.05,0,0,0,400000000,10,0.1,99,0.176711123313596,0.225541492378862,0.07,0.0134105297613157,0.0257750448182841,0.0021166670666667,0.0372923252236897,0.0370882406695315,0.0263317983512572,0.000421329006690406,0.00158814440514629,0.0001166668833335
4,25,250,1600,300,0.02,0,0.05,0,0,0,400000000,10,0.1,99,0.343774889419738,0.25742535303677,0.484908910294335,0.0418465381460003,0.044813482554638,0.0261903719492067,0.0270611406297361,0.0322543182666494,0.0036486585135188,0.00034996622279264,0.000747268574812666,0.0001166675333338
4,36,250,1600,300,0.02,0,0.05,0,0,0,400000000,10,0.1,99,0.27684549262675,0.254681429726778,0.07,0.0277726231769774,0.0338970871968636,0.0063666679166677,0.0255192361644542,0.0323807387609844,0.0017948815384656,0.00027388463067416,0.00092950314976132,0.0001166674500004
4,49,250,1600,300,0.02,0,0.05,0,0,0,400000000,10,0.1,99,0.20160237422058,0.225600265937318,0.07,0.0194941706662172,0.0331020299253856,0.0049223233936991,0.02703733527696,0.0323469478044555,0.0029166762500058,0.000270618084264393,0.000606842371856842,0.0001166673333338
4,64,250,1600,300,0.02,0,0.05,0,0,0,400000000,10,0.1,99,0.177286722688224,0.209447756954934,0.07,0.0158709315338719,0.0281874810090356,0.004066667433334,0.0266179495893733,0.032151751679657,0.002500009642863,0.000336490647120062,0.000887529791562018,0.0001166672500004
5,25,250,1600,300,0.02,0,0.05,0,0,0,400000000,10,0.1,99,0.305914912553311,0.251737279538352,0.0926687795383506,0.0330261957185241,0.0431172113210923,0.0063958060697289,0.0297698140037068,0.0328544784027004,0.0046214874389386,0.000333998970032145,0.000997532239915999,0.0001166671000002
5,36,250,1600,300,0.02,0,0.05,0,0,0,400000000,10,0.1,99,0.227610995599806,0.245494072874548,0.07,0.0226427565918463,0.0357983431415135,0.0041166674666672,0.0314067372713879,0.0334301951715606,0.004666676000006,0.000293157254232369,0.00101953153971098,0.0001166672000003
5,49,250,1600,300,0.02,0,0.05,0,0,0,400000000,10,0.1,99,0.203372387194994,0.226198604256201,0.07,0.0180496425437681,0.0301729305881902,0.0030994686381935,0.0306886457187585,0.033337596931429,0.0063636454545527,0.000472695396618979,0.00212916896364368,0.0001166670666668
5,64,250,1600,300,0.02,0,0.05,0,0,0,400000000,10,0.1,99,0.192918353653119,0.224887575378042,0.07,0.0173891394999601,0.0294661822299404,0.0033666673166672,0.0292611169993586,0.0323103054773179,0.0043750093750057,0.000229017732267603,0.000543542883902302,0.000116667166667
6,25,250,1600,300,0.02,0,0.05,0,0,0,400000000,10,0.1,99,0.28080144428262,0.255093359752639,0.0738607341492253,0.0313199628839014,0.0424697686570578,0.0062163807566523,0.0304351837439575,0.0328131655873257,0.0063162777918003,0.000364885507136829,0.000905700148628096,0.0001166671500003
6,36,250,1600,300,0.02,0,0.05,0,0,0,400000000,10,0.1,99,0.243977980642245,0.248911982807414,0.07,0.0190224131146871,0.0296229171894497,0.0037833340666671,0.0312007307230967,0.0330991661183728,0.0046666760000051,0.000192753494402246,0.000351459692711664,0.0001166670833336
6,49,250,1600,300,0.02,0,0.05,0,0,0,400000000,10,0.1,99,0.183216364408469,0.216370246182955,0.07,0.0183889967999514,0.0323101306056865,0.0034589759848465,0.0330114879927713,0.034390224108775,0.0043750093750047,0.000704577529870725,0.00254700682351695,0.0001166672666669
6,64,250,1600,300,0.02,0,0.05,0,0,0,400000000,10,0.1,99,0.172860579664531,0.212089316359938,0.07,0.0147559917939533,0.0264228920691526,0.0031166672666671,0.0299217792680484,0.0330242265982194,0.0053846246153913,0.000228431574547539,0.000495106348651809,0.000116667216667
7,25,250,1600,300,0.02,0,0.05,0,0,0,400000000,10,0.1,99,0.320901552536149,0.26584439928774,0.0876365154629729,0.0338457430561579,0.0432694097641137,0.0096455201164768,0.0262547975536964,0.0321238478897465,0.003043487826093,0.000239975978213642,0.000481426274770615,0.0001166673333337
7,36,250,1600,300,0.02,0,0.05,0,0,0,400000000,10,0.1,99,0.228839089567026,0.248127203258883,0.07,0.0228118871277268,0.033942723633578,0.0040333341166666,0.0280793388450908,0.0328789550259993,0.0024138027586257,0.000244917649663753,0.000690545725523406,0.0001166673000003
7,49,250,1600,300,0.02,0,0.05,0,0,0,400000000,10,0.1,99,0.175227856092489,0.214557522282842,0.07,0.017036628587641,0.0284488120174695,0.0046833342166671,0.0292383949402173,0.0343082170975299,0.0025373232835877,0.000486707048286185,0.00219161423279551,0.0001166674500005
7,64,250,1600,300,0.02,0,0.05,0,0,0,400000000,10,0.1,99,0.160766155662941,0.204960204653524,0.07,0.0121116941180012,0.0221217146195996,0.0037833340666671,0.0331442171153499,0.0520857560146932,0.0026923173076988,0.000457698268737037,0.00177367191136253,0.0001166672833337
8,25,250,1600,300,0.02,0,0.05,0,0,0,400000000,10,0.1,99,0.334765281025605,0.262903240799633,0.476753138102889,0.0371783235692951,0.0411401492911947,0.0127298315424408,0.0281736765168065,0.0316665276270716,0.0053846246153898,0.00037505782324237,0.000896054191540724,0.0001166674333338
8,36,250,1600,300,0.02,0,0.05,0,0,0,400000000,10,0.1,99,0.256196865562336,0.249144632822924,0.07,0.0266470586906246,0.0363269275434341,0.0051133712525264,0.0278872639474235,0.0328778163164012,0.0023946609744392,0.000467351447903837,0.00165721678703817,0.000116667316667
8,49,250,1600,300,0.02,0,0.05,0,0,0,400000000,10,0.1,99,0.2128785488153,0.239355574317211,0.07,0.0182514872147731,0.0278801129105785,0.0040666674333337,0.0292386066892939,0.0343118356214534,0.0030434878260911,0.000613083732710415,0.00275676572974874,0.0001166672500004
8,64,250,1600,300,0.02,0,0.05,0,0,0,400000000,10,0.1,99,0.169686763525879,0.215385953401243,0.07,0.0150626493190487,0.0275519728462064,0.003983334083334,0.0284808505218264,0.0330708602468102,0.002692317307698,0.000333841891867114,0.00125034670325576,0.0001166673333336
9,25,250,1600,300,0.02,0,0.05,0,0,0,400000000,10,0.1,99,0.338253681856797,0.268629360203312,0.412608434521415,0.0422696719536484,0.050097738965694,0.0118349136356853,0.0277122571404617,0.0326350866183487,0.0020000098823582,0.000416553331940699,0.00153026207138641,0.0001166674333338
9,36,250,1600,300,0.02,0,0.05,0,0,0,400000000,10,0.1,99,0.276947497960636,0.259506989597645,0.07,0.0280176690997158,0.0367919708184777,0.0047417205162462,0.0310274573682033,0.0356394039790406,0.004117656470592,0.000617882413052803,0.00296891503593016,0.000116667266667
9,49,250,1600,300,0.02,0,0.05,0,0,0,400000000,10,0.1,99,0.197838903614413,0.225896530856584,0.07,0.0199955013598825,0.0344643019375998,0.0031166672666669,0.0316998963723428,0.0350562354391366,0.0070000098333385,0.00069365578297082,0.0032726533204589,0.0001166671666669
9,64,250,1600,300,0.02,0,0.05,0,0,0,400000000,10,0.1,99,0.149787261030742,0.191998913351905,0.07,0.0130886514736031,0.0251756305318559,0.0037993770499339,0.0334325527470882,0.0480380076659126,0.004666676000005,0.000574270126703488,0.00195210271864348,0.0001166674000004
10,25,250,1600,300,0.02,0,0.05,0,0,0,400000000,10,0.1,99,0.315046302079952,0.252558777094377,0.085549154118783,0.0373202185666489,0.0461142660735381,0.0087892230284223,0.0286386599158013,0.0325513528871577,0.0041176564705957,0.000319106466255247,0.000680080633656936,0.000116667316667
10,36,250,1600,300,0.02,0,0.05,0,0,0,400000000,10,0.1,99,0.221918534660395,0.242661176110794,0.07,0.0191675534341246,0.030584953274808,0.003979243330985,0.0297000261278845,0.0322863472920345,0.0053846246153898,0.000222523872066333,0.000532948185929873,0.0001166669500002
10,49,250,1600,300,0.02,0,0.05,0,0,0,400000000,10,0.1,99,0.220967920956455,0.235734458126592,0.07,0.0210273062934117,0.0324191556943188,0.0042786568016422,0.0319390756911719,0.0345251300711981,0.0077777866666706,0.000413588818381285,0.00160193331478877,0.000116667216667
10,64,250,1600,300,0.02,0,0.05,0,0,0,400000000,10,0.1,99,0.14812291861443,0.198674957575346,0.07,0.0115301279369222,0.0237582733601777,0.0026166671666666,0.0374758425590904,0.0540523801176982,0.0098275960344866,0.00121387045645886,0.00708167214200216,0.0001166670833336
11,25,250,1600,300,0.02,0,0.05,0,0,0,400000000,10,0.1,99,0.286457537762836,0.255940782433965,0.0720546396971872,0.0308866626994409,0.0405072193654607,0.0051020697021455,0.0333817816726573,0.0338642988820157,0.003500009500004,0.00015780000877166,0.000201978424794113,0.0001166670500001
11,36,250,1600,300,0.02,0,0.05,0,0,0,400000000,10,0.1,99,0.208481409541822,0.230639406559275,0.07,0.0213001717069746,0.0351726293481982,0.002616667166667,0.033677798740319,0.0332786052940471,0.0118691463555948,0.000243050724630092,0.000463013242198328,0.0001166671166669
11,49,250,1600,300,0.02,0,0.05,0,0,0,400000000,10,0.1,99,0.205934609442129,0.241143005536704,0.07,0.0160875205287296,0.0263055550389914,0.0030333339166669,0.0313169482281926,0.0328081861181533,0.0038888983333356,0.0002364403590272,0.000653654919899681,0.0001166671333336
11,64,250,1600,300,0.02,0,0.05,0,0,0,400000000,10,0.1,99,0.139997425530297,0.188689826217211,0.07,0.0120879505259493,0.0242408956963157,0.0033166672833339,0.0335710248306091,0.0334814602408292,0.0126315887719339,0.000322001752692125,0.00102396260353032,0.0001166672500004
12,25,250,1600,300,0.02,0,0.05,0,0,0,400000000,10,0.1,99,0.301536960597773,0.258864223819635,0.0730269589006799,0.0338130768267676,0.041442655777605,0.0068683975189607,0.0293160101266527,0.0330857949970354,0.003043487826093,0.000224454419439143,0.000479919009666987,0.0001166673000003
12,36,250,1600,300,0.02,0,0.05,0,0,0,400000000,10,0.1,99,0.237910937855233,0.245192721649507,0.07,0.0217369089701921,0.0314991089398452,0.0045133548010821,0.028568456708528,0.0331898275756034,0.0021875096875063,0.000170016438833285,0.000363198486052406,0.0001166672833337
12,49,250,1600,300,0.02,0,0.05,0,0,0,400000000,10,0.1,99,0.18741281073203,0.213212538641133,0.07,0.0194597419423366,0.0351001853170646,0.0038666674166671,0.031620333658355,0.0332634273785686,0.0050000092857176,0.000514639152730632,0.00169693602737451,0.0001166672500003
12,64,250,1600,300,0.02,0,0.05,0,0,0,400000000,10,0.1,99,0.122693008219925,0.160366020855983,0.07,0.00895340573832232,0.0192429511295449,0.0031270892013429,0.0326510980688383,0.0413352276347759,0.0033333428571491,0.000267346410348806,0.000738565578902102,0.0001166671000003
13,25,250,1600,300,0.02,0,0.05,0,0,0,400000000,10,0.1,99,0.263776223930285,0.251076602709087,0.07,0.0314638157318731,0.0426188179710526,0.0056493003804537,0.0317091156378126,0.0333149748795693,0.0076606266751818,0.000299140688395768,0.000693369050949853,0.0001166673666671
13,36,250,1600,300,0.02,0,0.05,0,0,0,400000000,10,0.1,99,0.244369213670185,0.240338493707955,0.07,0.0218310185698011,0.0313125728031012,0.005527625220019,0.0317503369923955,0.0327363209638806,0.0115815319669488,0.000305912531217401,0.000926630909805412,0.0001166670333335
13,49,250,1600,300,0.02,0,0.05,0,0,0,400000000,10,0.1,99,0.173830325286357,0.20567941244527,0.07,0.011875368362519,0.0217469103083349,0.0037461306874913,0.0317598855117385,0.0366766758258004,0.002800009600007,0.000392431131117699,0.00238758587741125,0.0001166670833336
13,64,250,1600,300,0.02,0,0.05,0,0,0,400000000,10,0.1,99,0.144137140132481,0.190888770213008,0.07,0.00978875309606263,0.0189371554573427,0.0025333338166672,0.0371207346581107,0.0518641283386796,0.0068607662114745,0.000664909167117158,0.00484711683416893,0.0001166671000002
14,25,250,1600,300,0.02,0,0.05,0,0,0,400000000,10,0.1,99,0.299839754705693,0.263152963773012,0.0732683737138042,0.0390872893441248,0.0512296179448926,0.0071348115873386,0.0314763181808522,0.0332485249557745,0.0076093394607426,0.000292852099945496,0.000686122171974328,0.0001166670833336
14,36,250,1600,300,0.02,0,0.05,0,0,0,400000000,10,0.1,99,0.209613948050896,0.23446709884751,0.07,0.0188058089893759,0.0306572241325347,0.0050166676166672,0.0311168051553433,0.033519466915971,0.0038888983333385,0.00032190465858915,0.00112850499812574,0.000116667216667
14,49,250,1600,300,0.02,0,0.05,0,0,0,400000000,10,0.1,99,0.209446915429654,0.232011519658611,0.07,0.0181290222164695,0.0311363850555499,0.0022833337666672,0.0341764604568026,0.0394501232561722,0.0077777866666737,0.000412343393371299,0.0015932087659189,0.0001166669833335
14,64,250,1600,300,0.02,0,0.05,0,0,0,400000000,10,0.1,99,0.176774128140059,0.21245559664628,0.07,0.0159660733619586,0.0295197209039274,0.003116667266667,0.0326120002167857,0.0347086701521536,0.0060000097777858,0.000567270434417849,0.00294721403807679,0.0001166671333337
15,25,250,1600,300,0.02,0,0.05,0,0,0,400000000,10,0.1,99,0.314035638460171,0.276140261382833,0.0859197486552199,0.0355909934840454,0.0428178938496472,0.0108182260338078,0.0272081935503233,0.0320017672393289,0.004140724228375,0.000358976051603485,0.00081967544798383,0.0001166675500006
15,36,250,1600,300,0.02,0,0.05,0,0,0,400000000,10,0.1,99,0.24872425822899,0.249852626656203,0.07,0.02464155369405,0.0365673114664519,0.0048059235149654,0.0289867216697966,0.0330338823850242,0.0028000096000065,0.000409844105800324,0.00195242483339966,0.0001166673166671
15,49,250,1600,300,0.02,0,0.05,0,0,0,400000000,10,0.1,99,0.209744121155717,0.234103133308245,0.07,0.0210987363328836,0.0328413953665955,0.0051166676666673,0.0257846551865382,0.030533665085558,0.0034285811428633,0.000315632521003059,0.000701110152726916,0.0001166674333338
15,64,250,1600,300,0.02,0,0.05,0,0,0,400000000,10,0.1,99,0.181414839189335,0.223608198041421,0.07,0.015071850321016,0.0267113850950277,0.0033323257966077,0.0324023359191022,0.0321123220291517,0.0140000080000063,0.00054212463946054,0.00134841792022646,0.0001166671666669
16,25,250,1600,300,0.02,0,0.05,0,0,0,400000000,10,0.1,99,0.307804331286601,0.270578871884165,0.0836201458299693,0.0368378652753266,0.0441371059566684,0.0087369790929494,0.0302061872388329,0.0335811027660787,0.0031818277272758,0.000306622191154573,0.00117724865815061,0.0001166673833338
16,36,250,1600,300,0.02,0,0.05,0,0,0,400000000,10,0.1,99,0.222685015590081,0.235298360130391,0.07,0.0217070362852416,0.0348732185062274,0.0040060946624983,0.0306243981022484,0.0333948557718393,0.0041189775314377,0.000228354542507837,0.000450537749849815,0.0001166671833337
16,49,250,1600,300,0.02,0,0.05,0,0,0,400000000,10,0.1,99,0.192884835718521,0.218763781381783,0.07,0.017262747561783,0.0296164534268425,0.0037000007166672,0.0302667210083995,0.0334807064324777,0.0038636461363681,0.000390516319889719,0.00142499997515999,0.0001166671166669
16,64,250,1600,300,0.02,0,0.05,0,0,0,400000000,10,0.1,99,0.147311501675198,0.186251237360113,0.07,0.0117479674018473,0.02266259428452,0.003200000616667,0.030259952978044,0.0325503146978913,0.0062790795348894,0.000306210969058569,0.000924822193016142,0.0001166671833337
17,25,250,1600,300,0.02,0,0.05,0,0,0,400000000,10,0.1,99,0.346899763371381,0.264794429056515,0.499015236602881,0.0414515183377288,0.0458908466327001,0.0287612839443313,0.0245652875846832,0.0318998290922377,0.0022580741935534,0.000271202379836844,0.00070100550903872,0.0001166674500004
17,36,250,1600,300,0.02,0,0.05,0,0,0,400000000,10,0.1,99,0.23039319957402,0.243973377239282,0.07,0.0232799500840956,0.0349761867519156,0.0052200265121279,0.0263858344513832,0.032105561357241,0.0022580741935533,0.00031354146684726,0.000950393322612716,0.000116667366667
17,49,250,1600,300,0.02,0,0.05,0,0,0,400000000,10,0.1,99,0.218787314930485,0.235007441035234,0.07,0.0169946644104987,0.0284362794235617,0.004259766102553,0.0293155283803916,0.0352074869673747,0.00376013245768,0.000448145551908151,0.00183402166409744,0.0001166670833336
17,64,250,1600,300,0.02,0,0.05,0,0,0,400000000,10,0.1,99,0.173479293491584,0.215329236933373,0.07,0.0145133127566662,0.0263004690429283,0.0039500007666673,0.0319249897143373,0.0514643550730435,0.0050000092857201,0.000694693418263416,0.00302654429652953,0.0001166672500003
18,25,250,1600,300,0.02,0,0.05,0,0,0,400000000,10,0.1,99,0.335040945426271,0.270982619647486,0.392732919194507,0.0355795746059118,0.0406197045185596,0.0137456521718078,0.0304227023287639,0.0326986601835935,0.0082807849330049,0.000371421386484012,0.00089213840945381,0.0001166673666671
18,36,250,1600,300,0.02,0,0.05,0,0,0,400000000,10,0.1,99,0.224181513868645,0.233795324692319,0.07,0.0239116854518703,0.0363730914701708,0.0041701709408598,0.0311043132081482,0.033620437305403,0.0034285811428611,0.00033015494475186,0.00111737417684484,0.0001166672333337
18,49,250,1600,300,0.02,0,0.05,0,0,0,400000000,10,0.1,99,0.194047381126862,0.22522798887024,0.07,0.0179379384610054,0.0309917031161169,0.0036278900852582,0.0341907527954271,0.0415016598500629,0.0038888983333377,0.000891690598135402,0.00441897533524049,0.0001166671833336
18,64,250,1600,300,0.02,0,0.05,0,0,0,400000000,10,0.1,99,0.191113193945795,0.225450454799035,0.07,0.0167763750529003,0.0281038734457157,0.0034500006666673,0.0311639114099878,0.0326775025109485,0.0075000098214321,0.000350252839961614,0.000919863849237811,0.0001166672833338
19,25,250,1600,300,0.02,0,0.05,0,0,0,400000000,10,0.1,99,0.334344670339608,0.263987349490165,0.470600837822738,0.0372954460310126,0.0444257506474337,0.0125146340578076,0.0246348664735666,0.0313669608316683,0.0029166762500061,0.000432330466853957,0.00129844113651782,0.0001166674500005
19,36,250,1600,300,0.02,0,0.05,0,0,0,400000000,10,0.1,99,0.248568137741673,0.244125743094194,0.07,0.0276156301972871,0.0382014978549725,0.0058500010999997,0.0260550656118072,0.0322112182316298,0.0021212218181878,0.000249149597535172,0.000659081404988378,0.0001166673500004
19,49,250,1600,300,0.02,0,0.05,0,0,0,400000000,10,0.1,99,0.187048527377718,0.224665058488288,0.07,0.0173387789600407,0.030576544762218,0.0044500008666675,0.0282620613157702,0.0324746663858092,0.0043750093750043,0.000464542318445001,0.00146168748624804,0.000116667216667
19,64,250,1600,300,0.02,0,0.05,0,0,0,400000000,10,0.1,99,0.140923442749894,0.182462349978155,0.07,0.0101791920253024,0.0186021318471287,0.0038329990710438,0.0277176345966094,0.0373112782779833,0.0030434878260933,0.000421309874023954,0.00222307923610552,0.0001166673833337
20,25,250,1600,300,0.02,0,0.05,0,0,0,400000000,10,0.1,99,0.284188621607976,0.253567725867903,0.0743457070297354,0.0352841852363259,0.0444816781378739,0.0060807432877271,0.0301421684063264,0.0326809630336421,0.0091162639767294,0.000316806672625727,0.000599641498792086,0.0001166673666672
20,36,250,1600,300,0.02,0,0.05,0,0,0,400000000,10,0.1,99,0.243425119250629,0.249501749654917,0.07,0.0259326797973845,0.0374078894638034,0.0051500009833338,0.0296957160111185,0.033612919439023,0.0026087054347886,0.000377367832098718,0.00149411215312705,0.0001166674166671
20,49,250,1600,300,0.02,0,0.05,0,0,0,400000000,10,0.1,99,0.200419496393002,0.226865820613975,0.07,0.0171919623485438,0.0279609198345852,0.0045096363142548,0.0300931087289606,0.0332628412710119,0.0031579044736885,0.000387372263192459,0.00129101069848426,0.0001166673000004
20,64,250,1600,300,0.02,0,0.05,0,0,0,400000000,10,0.1,99,0.14849440409045,0.193043373788893,0.07,0.0131472440262929,0.025172179066673,0.0035333340166674,0.0308086890542651,0.0341298752590931,0.0063636454545488,0.000398163553500527,0.00134331644204413,0.0001166672333336
