UEIdx,lambdaBS,lambdaUE,numBlockers,deployRange,discoveryDelay,failureDetectionDelay,connectionSetupDelay,signalingAfterRachDelay,frameHopCount,frameDeliveryDelay,minRatereq,powerFac,lower_bound_thresh,GroupCount,mean_meanOutageDuration_wo_CF,std_meanOutageDuration_wo_CF,median_meanOutageDuration_wo_CF,mean_outageProbability_wo_CF,std_outageProbability_wo_CF,median_outageProbability_wo_CF,mean_meanOutageDuration,std_meanOutageDuration,median_meanOutageDuration,mean_outageProbability,std_outageProbability,median_outageProbability
1,100,500,193,300,0.02,0,0.05,0,0,0,400000000,10,0.1,48,0.120666062159203,0.15267463391635,0.07,0.00097481456662736,0.00324008863586266,1.94444444444e-05,0.0614506623940987,0.0228614602648027,0.07,1.94444660298917e-05,6.6772575411047e-11,1.94444444444e-05
2,100,500,193,300,0.02,0,0.05,0,0,0,400000000,10,0.1,48,0.103667923743587,0.135032385022424,0.07,0.000806751862944248,0.00282282054917387,1.94444444444e-05,0.0613684648307974,0.0230789085490617,0.07,1.94444726270646e-05,7.87275541767944e-11,1.94444444444e-05
3,100,500,193,300,0.02,0,0.05,0,0,0,400000000,10,0.1,48,0.0819310973282535,0.0847727480484428,0.07,0.000317265540564683,0.00178098755541569,1.94444444444e-05,0.0671158229537255,0.0139785088494973,0.07,1.94444560762604e-05,5.97404294386141e-11,1.94444444444e-05
4,100,500,193,300,0.02,0,0.05,0,0,0,400000000,10,0.1,48,0.0900700410074515,0.100240820261753,0.07,0.000562428717812502,0.00200233830885023,1.94444444444e-05,0.06135975694804,0.0231023268133435,0.07,1.94444759256667e-05,8.79923153296643e-11,1.94444444444e-05
5,100,500,193,300,0.02,0,0.05,0,0,0,400000000,10,0.1,48,0.0696028583708482,0.00262558542247314,0.07,0.000139703663175919,0.000480894543865625,1.94444444444e-05,0.0656653029861392,0.0169658703678907,0.07,1.94444631942583e-05,7.35561727032271e-11,1.94444444444e-05
6,100,500,193,300,0.02,0,0.05,0,0,0,400000000,10,0.1,48,0.089203241989406,0.0979262905722653,0.07,0.000310269932832417,0.00108814470855623,1.94444444444e-05,0.0642779987570869,0.0191801499737141,0.07,1.94444627891875e-05,7.19889305580393e-11,1.94444444444e-05
7,100,500,193,300,0.02,0,0.05,0,0,0,400000000,10,0.1,48,0.106438304176025,0.147756241887708,0.07,0.000635657973473048,0.00213321437027409,1.94444444444e-05,0.0621508409258812,0.021452308789162,0.07,2.11330679376438e-05,9.85758969530981e-06,1.94444444444e-05
8,100,500,193,300,0.02,0,0.05,0,0,0,400000000,10,0.1,48,0.0691365491396007,0.0037849206471506,0.07,0.000104827201203915,0.000391299974424501,1.94444444444e-05,0.0662190290326816,0.0150785801983874,0.07,3.89532790265188e-05,0.000135161122863286,1.94444444444e-05
9,100,500,193,300,0.02,0,0.05,0,0,0,400000000,10,0.1,48,0.076782718302404,0.0527244793241277,0.07,0.00017009688010344,0.000544327048294858,1.94444444444e-05,0.0642779143509754,0.019180761373123,0.07,1.94444615160333e-05,6.35056529003235e-11,1.94444444444e-05
10,100,500,193,300,0.02,0,0.05,0,0,0,400000000,10,0.1,48,0.0767119420734223,0.0527116841058991,0.07,0.000146134459521721,0.000518297981190381,1.94444444444e-05,0.0644183045545874,0.0187270430812927,0.07,1.9444457002175e-05,5.25357125655796e-11,1.94444444444e-05
11,100,500,193,300,0.02,0,0.05,0,0,0,400000000,10,0.1,48,0.088357051873498,0.092293312855094,0.07,0.000534801132591969,0.00159622445438591,1.94444444444e-05,0.0599644136478944,0.0245462654545501,0.07,2.13327668242354e-05,1.30824707468556e-05,1.94444444444e-05
12,100,500,193,300,0.02,0,0.05,0,0,0,400000000,10,0.1,48,0.104696556362361,0.139530937594086,0.07,0.000388315966272871,0.00136593313352687,1.94444444444e-05,0.0629990082794735,0.0207717441627728,0.07,1.94444609373521e-05,6.10768814159813e-11,1.94444444444e-05
13,100,500,193,300,0.02,0,0.05,0,0,0,400000000,10,0.1,48,0.080059675708594,0.0729666765367377,0.07,0.000215573187003502,0.000851975017683475,1.94444444444e-05,0.0669640090352385,0.0138662781539094,0.07,7.48418182691792e-05,0.000383804209003857,1.94444444444e-05
14,100,500,193,300,0.02,0,0.05,0,0,0,400000000,10,0.1,48,0.0873438716886605,0.090166495160376,0.07,0.000432539997439929,0.00160800751069657,1.94444444444e-05,0.0614405871051278,0.0228907154388137,0.07,2.03125307289e-05,6.01411113911422e-06,1.94444444444e-05
15,100,500,193,300,0.02,0,0.05,0,0,0,400000000,10,0.1,48,0.0786877923895243,0.0650530037586066,0.07,0.000531627421070621,0.00286524319603829,1.94444444444e-05,0.06422386237439,0.019360074927661,0.07,1.94444691548729e-05,8.49487400425292e-11,1.94444444444e-05
16,100,500,193,300,0.02,0,0.05,0,0,0,400000000,10,0.1,48,0.069142367296656,0.00303159700252243,0.07,0.00019251148154724,0.000605503743589874,1.94444444444e-05,0.0642623268272428,0.0192329314840747,0.07,2.1236152623225e-05,1.24131713944472e-05,1.94444444444e-05
17,100,500,193,300,0.02,0,0.05,0,0,0,400000000,10,0.1,48,0.0804648477333809,0.0749054141378573,0.07,0.000350539654208602,0.0016817416097918,1.94444444444e-05,0.0656773454452833,0.0169188655089842,0.07,1.97338155669396e-05,2.00473268359849e-06,1.94444444444e-05
18,100,500,193,300,0.02,0,0.05,0,0,0,400000000,10,0.1,48,0.0785356450262017,0.06016554586183,0.07,0.00024028706860579,0.00106432416043567,1.94444444444e-05,0.0656827489280221,0.0168977547502868,0.07,1.94444586804063e-05,5.78897197406751e-11,1.94444444444e-05
19,100,500,193,300,0.02,0,0.05,0,0,0,400000000,10,0.1,48,0.0885915650419234,0.0911639889911903,0.07,0.000264315852298017,0.00102592547150564,1.94444444444e-05,0.0657236546259083,0.0167384059257241,0.07,1.94444549188604e-05,4.91727224312465e-11,1.94444444444e-05
20,100,500,193,300,0.02,0,0.05,0,0,0,400000000,10,0.1,48,0.0786677570571354,0.062657243721226,0.07,8.40692162327084e-05,0.000313993599317453,1.94444444444e-05,0.0672194448416637,0.0134865868646792,0.07,1.94444508100958e-05,3.98434362753798e-11,1.94444444444e-05
