UEIdx,lambdaBS,lambdaUE,numBlockers,deployRange,discoveryDelay,failureDetectionDelay,connectionSetupDelay,signalingAfterRachDelay,frameHopCount,frameDeliveryDelay,minRatereq,powerFac,lower_bound_thresh,GroupCount,mean_meanOutageDuration_wo_CF,std_meanOutageDuration_wo_CF,median_meanOutageDuration_wo_CF,mean_outageProbability_wo_CF,std_outageProbability_wo_CF,median_outageProbability_wo_CF,mean_meanOutageDuration,std_meanOutageDuration,median_meanOutageDuration,mean_outageProbability,std_outageProbability,median_outageProbability,mean_meanOutageDuration_wi_BF,std_meanOutageDuration_wi_BF,median_meanOutageDuration_wi_BF,mean_outageProbability_wi_BF,std_outageProbability_wi_BF,median_outageProbability_wi_BF
1,25,250,1600,300,0.02,0,0.05,0,0,0,400000000,10,0.1,96,0.333494112910411,0.268237892554093,0.278471555687096,0.038661758643901,0.046314132658301,0.00934974702724515,0.0273468946293955,0.0332540395690607,0.00206061576623945,0.000124226040147578,7.40595090409693e-05,0.00011666724166705,0.0273468946293955,0.0332540395690607,0.00206061576623945,0.000124226040147578,7.40595090409693e-05,0.00011666724166705
1,36,250,1600,300,0.02,0,0.05,0,0,0,400000000,10,0.1,91,0.216547129645721,0.229114400805236,0.07,0.0215440393537723,0.0335743927048007,0.0037000007166671,0.0294128685233188,0.0333068096413786,0.0024138027586276,0.000141460326562066,0.000166310979358376,0.0001166671833336,0.0294128685233188,0.0333068096413786,0.0024138027586276,0.000141460326562066,0.000166310979358376,0.0001166671833336
1,49,250,1600,300,0.02,0,0.05,0,0,0,400000000,10,0.1,84,0.227133311629405,0.245532220040966,0.07,0.0249551882622056,0.0379899819244846,0.00398422467416415,0.0292959637617002,0.0338038803885149,0.00200164370098555,0.00011666729682576,6.29158393265456e-10,0.0001166672333336,0.0292959637617002,0.0338038803885149,0.00200164370098555,0.00011666729682576,6.29158393265456e-10,0.0001166672333336
1,64,250,1600,300,0.02,0,0.05,0,0,0,400000000,10,0.1,76,0.156104614655637,0.200812273395239,0.07,0.0141048426076549,0.0258276100731561,0.0038833340750004,0.0255683861999176,0.0325359117536158,0.0017073268292743,0.000116667262719639,5.36448612673303e-10,0.00011666733333375,0.0255683861999176,0.0325359117536158,0.0017073268292743,0.000116667262719639,5.36448612673303e-10,0.00011666733333375
2,25,250,1600,300,0.02,0,0.05,0,0,0,400000000,10,0.1,96,0.321582846892708,0.280508837951712,0.077708032104827,0.034733662304491,0.0444151344141693,0.0049849780716777,0.0307192032307446,0.033646529041708,0.00311265777668515,0.000116667307118434,7.10616401473686e-10,0.00011666702500025,0.0307192032307446,0.033646529041708,0.00311265777668515,0.000116667307118434,7.10616401473686e-10,0.00011666702500025
2,36,250,1600,300,0.02,0,0.05,0,0,0,400000000,10,0.1,91,0.217062691591556,0.232510374733775,0.07,0.0220336334984922,0.0345589579462832,0.0013666669166667,0.0340004448289774,0.0339448615214459,0.0043750093750057,0.000116667200183471,5.96147910730658e-10,0.0001166669166668,0.0340004448289774,0.0339448615214459,0.0043750093750057,0.000116667200183471,5.96147910730658e-10,0.0001166669166668
2,49,250,1600,300,0.02,0,0.05,0,0,0,400000000,10,0.1,84,0.179820248426332,0.21175085001708,0.07,0.0133964518686401,0.0264192836912121,0.0001166666666667,0.0378864282983835,0.0339804353234637,0.07,0.000116667056746265,5.29126005030885e-10,0.0001166666666667,0.0378864282983835,0.0339804353234637,0.07,0.000116667056746265,5.29126005030885e-10,0.0001166666666667
2,64,250,1600,300,0.02,0,0.05,0,0,0,400000000,10,0.1,76,0.134302695522434,0.169193439712291,0.07,0.00939160245192122,0.0204862455182834,0.0001166666666667,0.037967681488242,0.0340490758741791,0.07,0.000116667047149358,4.8813647057265e-10,0.0001166666666667,0.037967681488242,0.0340490758741791,0.07,0.000116667047149358,4.8813647057265e-10,0.0001166666666667
3,25,250,1600,300,0.02,0,0.05,0,0,0,400000000,10,0.1,96,0.261292274008549,0.248870433685179,0.07,0.0268163172548305,0.0417440899083159,0.00393871856347235,0.0331135661375884,0.0337817391891574,0.0055151607272781,0.000127204404601897,0.000103242940216218,0.0001166669250002,0.0331135661375884,0.0337817391891574,0.0055151607272781,0.000127204404601897,0.000103242940216218,0.0001166669250002
3,36,250,1600,300,0.02,0,0.05,0,0,0,400000000,10,0.1,91,0.196130419117203,0.226606165583411,0.07,0.0169383275384661,0.0309195907993402,0.0001166666666667,0.0373965656123651,0.0341052859307552,0.07,0.000116667133333624,5.90454232938989e-10,0.0001166666666667,0.0373965656123651,0.0341052859307552,0.07,0.000116667133333624,5.90454232938989e-10,0.0001166666666667
3,49,250,1600,300,0.02,0,0.05,0,0,0,400000000,10,0.1,84,0.139383009651673,0.180642053199554,0.07,0.00980040178037851,0.0212943721719861,0.0001166666666667,0.0370973341952275,0.0341023460735276,0.07,0.000116667072222464,4.94090721581553e-10,0.0001166666666667,0.0370973341952275,0.0341023460735276,0.07,0.000116667072222464,4.94090721581553e-10,0.0001166666666667
3,64,250,1600,300,0.02,0,0.05,0,0,0,400000000,10,0.1,76,0.116243567966849,0.144859066498116,0.07,0.00841763795563741,0.0211023221358296,0.0001166666666667,0.0384688340686752,0.0337583661088336,0.07,0.000138440674199336,0.00018981798142079,0.0001166666666667,0.0384688340686752,0.0337583661088336,0.07,0.000138440674199336,0.00018981798142079,0.0001166666666667
4,25,250,1600,300,0.02,0,0.05,0,0,0,400000000,10,0.1,96,0.337005135579344,0.258453241351809,0.468518318987557,0.0404319590422145,0.0441170207400681,0.0245459657617294,0.0264469171982494,0.0332009656205395,0.00144346217475115,0.000151344823672428,0.000339767828253656,0.0001166674916672,0.0264469171982494,0.0332009656205395,0.00144346217475115,0.000151344823672428,0.000339767828253656,0.0001166674916672
4,36,250,1600,300,0.02,0,0.05,0,0,0,400000000,10,0.1,91,0.231613352419273,0.248601993112672,0.07,0.0266630998175588,0.0383300479786038,0.0059500011666675,0.0242782503052168,0.0324382028463451,0.0014893714893674,0.000116667397985785,6.28730391818398e-10,0.0001166674333338,0.0242782503052168,0.0324382028463451,0.0014893714893674,0.000116667397985785,6.28730391818398e-10,0.0001166674333338
4,49,250,1600,300,0.02,0,0.05,0,0,0,400000000,10,0.1,84,0.231081807778158,0.239131540290106,0.07,0.0222723777312662,0.0309411171555313,0.0047136327546927,0.0228782451910965,0.0317826207256486,0.00160941780391625,0.00011666730773846,5.40287818691972e-10,0.0001166673750003,0.0228782451910965,0.0317826207256486,0.00160941780391625,0.00011666730773846,5.40287818691972e-10,0.0001166673750003
4,64,250,1600,300,0.02,0,0.05,0,0,0,400000000,10,0.1,76,0.152035026967057,0.195901295719498,0.07,0.012248208322802,0.0229314048337202,0.00411243824894395,0.0220255194621759,0.0310815806947932,0.0020588332353008,0.000116667237500332,4.8968743029724e-10,0.00011666721666705,0.0220255194621759,0.0310815806947932,0.0020588332353008,0.000116667237500332,4.8968743029724e-10,0.00011666721666705
5,25,250,1600,300,0.02,0,0.05,0,0,0,400000000,10,0.1,96,0.298077280995991,0.251438574484296,0.0846724009052852,0.0323232534753699,0.0429188280074774,0.0063719249044362,0.0289204983836404,0.0334821823447402,0.00264245976496155,0.00011666732395872,7.26454633196146e-10,0.00011666709166685,0.0289204983836404,0.0334821823447402,0.00264245976496155,0.00011666732395872,7.26454633196146e-10,0.00011666709166685
5,36,250,1600,300,0.02,0,0.05,0,0,0,400000000,10,0.1,91,0.231039764001655,0.240148754107842,0.07,0.0240390277622816,0.0366331468998279,0.0052000010166672,0.0284397942349032,0.033274725879699,0.0018919016216263,0.000145159633835593,0.000271799727341862,0.0001166673000003,0.0284397942349032,0.033274725879699,0.0018919016216263,0.000145159633835593,0.000271799727341862,0.0001166673000003
5,49,250,1600,300,0.02,0,0.05,0,0,0,400000000,10,0.1,84,0.177375761967916,0.215078077872355,0.07,0.0131246720440838,0.0252026606160635,0.00253226202327605,0.030045936402828,0.0333930319364922,0.00318841534162195,0.000116667138889167,5.27194714862635e-10,0.0001166670166669,0.030045936402828,0.0333930319364922,0.00318841534162195,0.000116667138889167,5.27194714862635e-10,0.0001166670166669
5,64,250,1600,300,0.02,0,0.05,0,0,0,400000000,10,0.1,76,0.135544312897576,0.174602280558291,0.07,0.01060087418409,0.0213665452295162,0.0033541198887852,0.0289590672235424,0.0329812427195178,0.0028044967788513,0.000117763672588017,9.55898528004795e-06,0.00011666712500025,0.0289590672235424,0.0329812427195178,0.0028044967788513,0.000117763672588017,9.55898528004795e-06,0.00011666712500025
6,25,250,1600,300,0.02,0,0.05,0,0,0,400000000,10,0.1,96,0.282123286889525,0.255491746980401,0.0747019154812917,0.0311772389189968,0.0421799495553415,0.0062567138616616,0.0280335665446666,0.0334394088310921,0.00229570859677965,0.000116667314757328,6.69568047921795e-10,0.0001166671583336,0.0280335665446666,0.0334394088310921,0.00229570859677965,0.000116667314757328,6.69568047921795e-10,0.0001166671583336
6,36,250,1600,300,0.02,0,0.05,0,0,0,400000000,10,0.1,91,0.240648139694568,0.245274110528176,0.07,0.0233239186872373,0.0340347513075292,0.0035333340166671,0.0290206482723258,0.0334499923961888,0.0025000096428615,0.000116667252381297,6.05043803105902e-10,0.0001166671166669,0.0290206482723258,0.0334499923961888,0.0025000096428615,0.000116667252381297,6.05043803105902e-10,0.0001166671166669
6,49,250,1600,300,0.02,0,0.05,0,0,0,400000000,10,0.1,84,0.155990654957055,0.194021083819871,0.07,0.0137671170617494,0.0258058670911269,0.0025473015018429,0.0320961003135102,0.033535473437882,0.00403847096154455,0.000116667206151115,5.91980298112128e-10,0.0001166669750002,0.0320961003135102,0.033535473437882,0.00403847096154455,0.000116667206151115,5.91980298112128e-10,0.0001166669750002
6,64,250,1600,300,0.02,0,0.05,0,0,0,400000000,10,0.1,76,0.151222688357242,0.198680471583316,0.07,0.0121462286825274,0.0237413441805349,0.00357990615742195,0.0304259506950628,0.0335179121497858,0.0021896480058719,0.000116667193640666,5.28386837675694e-10,0.0001166671833337,0.0304259506950628,0.0335179121497858,0.0021896480058719,0.000116667193640666,5.28386837675694e-10,0.0001166671833337
7,25,250,1600,300,0.02,0,0.05,0,0,0,400000000,10,0.1,96,0.31992022491147,0.267600816965327,0.0832963726800709,0.0341000420925318,0.0436647145772435,0.0096427684087019,0.0251436683155585,0.0326532610484665,0.00183075159107205,0.000118063449699068,1.36789929039546e-05,0.000116667291667,0.0251436683155585,0.0326532610484665,0.00183075159107205,0.000118063449699068,1.36789929039546e-05,0.000116667291667
7,36,250,1600,300,0.02,0,0.05,0,0,0,400000000,10,0.1,91,0.227720805525632,0.238416901064636,0.07,0.0249606490730402,0.0355631917675243,0.0057663004200877,0.0261970810278512,0.0332290361473204,0.0015555653333386,0.000116667369963793,6.31626809162687e-10,0.0001166674000004,0.0261970810278512,0.0332290361473204,0.0015555653333386,0.000116667369963793,6.31626809162687e-10,0.0001166674000004
7,49,250,1600,300,0.02,0,0.05,0,0,0,400000000,10,0.1,84,0.181211302358858,0.222984376844045,0.07,0.0161862476190978,0.0298459217091497,0.0038311128741914,0.0305096353754445,0.0333492211543094,0.00286790256689325,0.000118686011084767,1.30062633286702e-05,0.00011666705833345,0.0305096353754445,0.0333492211543094,0.00286790256689325,0.000118686011084767,1.30062633286702e-05,0.00011666705833345
7,64,250,1600,300,0.02,0,0.05,0,0,0,400000000,10,0.1,76,0.1170660824854,0.146125483005333,0.07,0.00917114799530094,0.0205616615365956,0.0016583336416668,0.0331753692897175,0.0342610934854394,0.00388889833333805,0.000117763643421351,9.55907391220375e-06,0.00011666695000015,0.0331753692897175,0.0342610934854394,0.00388889833333805,0.000117763643421351,9.55907391220375e-06,0.00011666695000015
8,25,250,1600,300,0.02,0,0.05,0,0,0,400000000,10,0.1,96,0.326078012249213,0.262024661112794,0.294316057246597,0.0361767454780549,0.041080124571775,0.0100474426547599,0.0265295811878627,0.032791663233308,0.0016870016289259,0.000116667369792073,6.73097909558809e-10,0.0001166673416671,0.0265295811878627,0.032791663233308,0.0016870016289259,0.000116667369792073,6.73097909558809e-10,0.0001166673416671
8,36,250,1600,300,0.02,0,0.05,0,0,0,400000000,10,0.1,91,0.223658942334627,0.241677138245399,0.07,0.0218234834741925,0.0343613990109367,0.0050876597486175,0.0282353474746033,0.0333949920480355,0.0022580741935538,0.000116667263736615,5.87932420876589e-10,0.0001166671666669,0.0282353474746033,0.0333949920480355,0.0022580741935538,0.000116667263736615,5.87932420876589e-10,0.0001166671666669
8,49,250,1600,300,0.02,0,0.05,0,0,0,400000000,10,0.1,84,0.179084982979748,0.207113067382917,0.07,0.0142269048728852,0.0267904747977057,0.0038294123326302,0.0283579480322585,0.0330499875115148,0.0023790419182075,0.00011666717619077,5.1967531909447e-10,0.0001166671416669,0.0283579480322585,0.0330499875115148,0.0023790419182075,0.00011666717619077,5.1967531909447e-10,0.0001166671416669
8,64,250,1600,300,0.02,0,0.05,0,0,0,400000000,10,0.1,76,0.140376493602733,0.182569843347975,0.07,0.0120327830482978,0.0239864079571544,0.0029250005583335,0.0299271305036287,0.0332338038559184,0.0021231714614028,0.000116667187719612,5.17181883089551e-10,0.0001166672000003,0.0299271305036287,0.0332338038559184,0.0021231714614028,0.000116667187719612,5.17181883089551e-10,0.0001166672000003
9,25,250,1600,300,0.02,0,0.05,0,0,0,400000000,10,0.1,96,0.33443963784741,0.267485842776002,0.336331066801554,0.0404686190419667,0.0475156532175556,0.0110595485030251,0.0259809515501316,0.0328922866560249,0.00148937148936795,0.000116667448090734,7.62950495403609e-10,0.00011666743333375,0.0259809515501316,0.0328922866560249,0.00148937148936795,0.000116667448090734,7.62950495403609e-10,0.00011666743333375
9,36,250,1600,300,0.02,0,0.05,0,0,0,400000000,10,0.1,91,0.233137939988111,0.238853057005702,0.07,0.0228120893286359,0.0333188808542185,0.0038852487059742,0.0273857975690535,0.0331855176799381,0.0019444541666718,0.000116667263004008,5.85476810871384e-10,0.0001166672500003,0.0273857975690535,0.0331855176799381,0.0019444541666718,0.000116667263004008,5.85476810871384e-10,0.0001166672500003
9,49,250,1600,300,0.02,0,0.05,0,0,0,400000000,10,0.1,84,0.176152742056784,0.212809797003612,0.07,0.0168912301001232,0.0319034103855688,0.0037233806996,0.0292814443619373,0.0337955451148194,0.00237904191820825,0.000116667255357487,5.99387341997158e-10,0.00011666714166695,0.0292814443619373,0.0337955451148194,0.00237904191820825,0.000116667255357487,5.99387341997158e-10,0.00011666714166695
9,64,250,1600,300,0.02,0,0.05,0,0,0,400000000,10,0.1,76,0.182273949010856,0.218959881636789,0.07,0.0151692675086486,0.0257660370134679,0.0038050688510272,0.0303182534418669,0.0340708485758649,0.002112622310816,0.000116667208333649,5.33878475315182e-10,0.0001166672083336,0.0303182534418669,0.0340708485758649,0.002112622310816,0.000116667208333649,5.33878475315182e-10,0.0001166672083336
10,25,250,1600,300,0.02,0,0.05,0,0,0,400000000,10,0.1,96,0.31111427438345,0.25122007616601,0.0853071681018849,0.036150251547551,0.0448112553629341,0.00843853556562865,0.0271630736284926,0.0333667529897505,0.00209002752674385,0.000116667375868472,7.33448838914963e-10,0.00011666720833365,0.0271630736284926,0.0333667529897505,0.00209002752674385,0.000116667375868472,7.33448838914963e-10,0.00011666720833365
10,36,250,1600,300,0.02,0,0.05,0,0,0,400000000,10,0.1,91,0.17057287275824,0.203905131867213,0.07,0.0143326598659303,0.0268334574810273,0.003283333966667,0.0308001024660765,0.0336394476705494,0.0029166762500046,0.000116667178388578,5.48812111468395e-10,0.0001166670500002,0.0308001024660765,0.0336394476705494,0.0029166762500046,0.000116667178388578,5.48812111468395e-10,0.0001166670500002
10,49,250,1600,300,0.02,0,0.05,0,0,0,400000000,10,0.1,84,0.186398773474934,0.209509960382902,0.07,0.0163049178697982,0.027431187018705,0.0036009289732449,0.0283739006975745,0.033117176481312,0.002460615709096,0.000116667212698727,5.51483744366684e-10,0.00011666713333355,0.0283739006975745,0.033117176481312,0.002460615709096,0.000116667212698727,5.51483744366684e-10,0.00011666713333355
10,64,250,1600,300,0.02,0,0.05,0,0,0,400000000,10,0.1,76,0.161991302378901,0.203754268317301,0.07,0.014927644917557,0.026895398049872,0.0044500008666671,0.0266458593437911,0.0323471151111784,0.00175110418387055,0.000116667266228413,5.60694149195512e-10,0.00011666731666705,0.0266458593437911,0.0323471151111784,0.00175110418387055,0.000116667266228413,5.60694149195512e-10,0.00011666731666705
11,25,250,1600,300,0.02,0,0.05,0,0,0,400000000,10,0.1,96,0.293221835817925,0.256998932952875,0.0805826476927046,0.0318482250754651,0.0407653971752947,0.00539610356150075,0.031717540568568,0.0341172065042649,0.00291667625000505,0.000116667292882306,6.75774741783859e-10,0.0001166670500002,0.031717540568568,0.0341172065042649,0.00291667625000505,0.000116667292882306,6.75774741783859e-10,0.0001166670500002
11,36,250,1600,300,0.02,0,0.05,0,0,0,400000000,10,0.1,91,0.250273838821608,0.258047394898439,0.07,0.0250916965104605,0.0362243889288015,0.0059000011333335,0.0292873099954041,0.0334995216968514,0.0021212218181882,0.000116667300000373,6.33757512335856e-10,0.0001166672000004,0.0292873099954041,0.0334995216968514,0.0021212218181882,0.000116667300000373,6.33757512335856e-10,0.0001166672000004
11,49,250,1600,300,0.02,0,0.05,0,0,0,400000000,10,0.1,84,0.195590647343017,0.222917440335671,0.07,0.018620498482263,0.0310610889745563,0.0027854469426272,0.0296958295570319,0.0335487817080735,0.00280000960000645,0.000116667215278101,5.85656666414877e-10,0.0001166670666669,0.0296958295570319,0.0335487817080735,0.00280000960000645,0.000116667215278101,5.85656666414877e-10,0.0001166670666669
11,64,250,1600,300,0.02,0,0.05,0,0,0,400000000,10,0.1,76,0.122601847851502,0.168880675482175,0.07,0.0096769031878989,0.0216421153101085,0.0022595437205686,0.0321620043117777,0.0337987390271665,0.00269630591111585,0.000116667155482749,5.22461613268933e-10,0.00011666708333355,0.0321620043117777,0.0337987390271665,0.00269630591111585,0.000116667155482749,5.22461613268933e-10,0.00011666708333355
12,25,250,1600,300,0.02,0,0.05,0,0,0,400000000,10,0.1,96,0.292346401948151,0.257466080918707,0.0701058944681299,0.0321807702687712,0.0404007524792163,0.00484340073997995,0.0290408143862476,0.0335243906206005,0.00212122181818715,0.000130714009929903,0.000137629072100085,0.0001166672250003,0.0290408143862476,0.0335243906206005,0.00212122181818715,0.000130714009929903,0.000137629072100085,0.0001166672250003
12,36,250,1600,300,0.02,0,0.05,0,0,0,400000000,10,0.1,91,0.220454029769962,0.230074236598398,0.07,0.0221673468156082,0.0344569727201797,0.004566667533334,0.0298758896452823,0.0336113510604358,0.0023077021153896,0.000134591363947189,0.00016238742002278,0.0001166672333336,0.0298758896452823,0.0336113510604358,0.0023077021153896,0.000134591363947189,0.00016238742002278,0.0001166672333336
12,49,250,1600,300,0.02,0,0.05,0,0,0,400000000,10,0.1,84,0.165305618075312,0.207853707945243,0.07,0.0141535474455148,0.0254825777719847,0.0034761389210446,0.0301355031435151,0.0339112069989998,0.00259616347527975,0.00011666721845271,5.61880734934074e-10,0.00011666710000025,0.0301355031435151,0.0339112069989998,0.00259616347527975,0.00011666721845271,5.61880734934074e-10,0.00011666710000025
12,64,250,1600,300,0.02,0,0.05,0,0,0,400000000,10,0.1,76,0.13603262139328,0.181513339244539,0.07,0.0100842385241884,0.0197202293892725,0.00310523739602305,0.0296286751533252,0.0337519411210179,0.00250000964286285,0.000117763663596789,9.55901732080908e-06,0.0001166671500003,0.0296286751533252,0.0337519411210179,0.00250000964286285,0.000117763663596789,9.55901732080908e-06,0.0001166671500003
13,25,250,1600,300,0.02,0,0.05,0,0,0,400000000,10,0.1,96,0.260071590670431,0.25087225509725,0.07,0.0312223216106704,0.0427906786914904,0.005458777517767,0.0307417169420806,0.0341503522544455,0.00164729658638355,0.000116667371180951,7.21866376698862e-10,0.0001166673583337,0.0307417169420806,0.0341503522544455,0.00164729658638355,0.000116667371180951,7.21866376698862e-10,0.0001166673583337
13,36,250,1600,300,0.02,0,0.05,0,0,0,400000000,10,0.1,91,0.197545177320984,0.220401947749765,0.07,0.0209465494286366,0.0353483425819029,0.0036439567857325,0.0312444903019296,0.03395831906438,0.002000009714291,0.000116667250366641,6.2022022010325e-10,0.0001166672333336,0.0312444903019296,0.03395831906438,0.002000009714291,0.000116667250366641,6.2022022010325e-10,0.0001166672333336
13,49,250,1600,300,0.02,0,0.05,0,0,0,400000000,10,0.1,84,0.201006829754133,0.233238044436145,0.07,0.0184751684609071,0.0298026822689446,0.0031142519275329,0.0300462560581637,0.0335402398053903,0.0024569062007454,0.000123321900700264,5.25812793830938e-05,0.00011666714166695,0.0300462560581637,0.0335402398053903,0.0024569062007454,0.000123321900700264,5.25812793830938e-05,0.00011666714166695
13,64,250,1600,300,0.02,0,0.05,0,0,0,400000000,10,0.1,76,0.143662926748495,0.184956236280499,0.07,0.0102156523520319,0.0202716515439631,0.00328333396666715,0.030817312505852,0.0338578439559087,0.0024138027586264,0.000116667152193268,4.88045056658323e-10,0.0001166671333336,0.030817312505852,0.0338578439559087,0.0024138027586264,0.000116667152193268,4.88045056658323e-10,0.0001166671333336
14,25,250,1600,300,0.02,0,0.05,0,0,0,400000000,10,0.1,96,0.289049751764355,0.259145921185948,0.0709542218642106,0.0371074040487047,0.0497078867229059,0.0060710232232645,0.0310669483657136,0.0339815592049574,0.00292174871304935,0.000116667383680983,7.92405841395686e-10,0.00011666705000025,0.0310669483657136,0.0339815592049574,0.00292174871304935,0.000116667383680983,7.92405841395686e-10,0.00011666705000025
14,36,250,1600,300,0.02,0,0.05,0,0,0,400000000,10,0.1,91,0.239087115419016,0.244044951447451,0.07,0.0198973627754031,0.0296141033668421,0.0038884348725534,0.0303139078891363,0.0334102536943315,0.0033333428571481,0.000116667160622998,5.25654004296659e-10,0.0001166670000002,0.0303139078891363,0.0334102536943315,0.0033333428571481,0.000116667160622998,5.25654004296659e-10,0.0001166670000002
14,49,250,1600,300,0.02,0,0.05,0,0,0,400000000,10,0.1,84,0.24536297196191,0.251144612586808,0.07,0.020413503972458,0.0314047756941728,0.0050904722709823,0.0292189784810998,0.0332587108489448,0.00385417611607785,0.000116667202976489,5.72730427389429e-10,0.0001166669583335,0.0292189784810998,0.0332587108489448,0.00385417611607785,0.000116667202976489,5.72730427389429e-10,0.0001166669583335
14,64,250,1600,300,0.02,0,0.05,0,0,0,400000000,10,0.1,76,0.127915456007892,0.167835226675666,0.07,0.010252352091359,0.021906783348273,0.0018812388748662,0.0326764221767126,0.034027934613329,0.00364974209893485,0.000116667160088021,5.50845318264657e-10,0.00011666697500015,0.0326764221767126,0.034027934613329,0.00364974209893485,0.000116667160088021,5.50845318264657e-10,0.00011666697500015
15,25,250,1600,300,0.02,0,0.05,0,0,0,400000000,10,0.1,96,0.310128144300947,0.275683679496563,0.0830273781565278,0.0359443078064311,0.0432587884152452,0.0108141145860144,0.0253533366990684,0.0326842275991427,0.00135936123869395,0.000125315333932074,8.47318113490762e-05,0.0001166675250005,0.0253533366990684,0.0326842275991427,0.00135936123869395,0.000125315333932074,8.47318113490762e-05,0.0001166675250005
15,36,250,1600,300,0.02,0,0.05,0,0,0,400000000,10,0.1,91,0.249236054911922,0.256627955769992,0.07,0.0253071912158083,0.036299882533587,0.0048613994739085,0.0282218100675881,0.0334167998889291,0.0018421150000056,0.000116667286264093,6.02810576944043e-10,0.0001166672833337,0.0282218100675881,0.0334167998889291,0.0018421150000056,0.000116667286264093,6.02810576944043e-10,0.0001166672833337
15,49,250,1600,300,0.02,0,0.05,0,0,0,400000000,10,0.1,84,0.190374178501701,0.22393158351391,0.07,0.0192098263981971,0.0331702748494012,0.0043500008083339,0.0286884674519815,0.0331970020776188,0.00145897635693155,0.000116667291468618,6.01151017018562e-10,0.0001166674500004,0.0286884674519815,0.0331970020776188,0.00145897635693155,0.000116667291468618,6.01151017018562e-10,0.0001166674500004
15,64,250,1600,300,0.02,0,0.05,0,0,0,400000000,10,0.1,76,0.161881252246984,0.191249855859589,0.07,0.0116776257402449,0.0215774167165447,0.00380083117585345,0.0261782675001469,0.0322837410474271,0.0020294214747952,0.000116667175219599,4.87788123022142e-10,0.0001166672250003,0.0261782675001469,0.0322837410474271,0.0020294214747952,0.000116667175219599,4.87788123022142e-10,0.0001166672250003
16,25,250,1600,300,0.02,0,0.05,0,0,0,400000000,10,0.1,96,0.300075422948618,0.271008447505501,0.0805880375380685,0.0347558332723973,0.0431643755419589,0.0072967955860174,0.029915563568954,0.0340644054533424,0.00184211500000465,0.000116667362326797,7.04813593244834e-10,0.00011666728333365,0.029915563568954,0.0340644054533424,0.00184211500000465,0.000116667362326797,7.04813593244834e-10,0.00011666728333365
16,36,250,1600,300,0.02,0,0.05,0,0,0,400000000,10,0.1,91,0.200785366600476,0.227395073181309,0.07,0.0206961073925422,0.0338928598407622,0.0037027624170588,0.0307548988368537,0.0337795436456949,0.002258074193554,0.0001166672479857,5.99999487081706e-10,0.000116667166667,0.0307548988368537,0.0337795436456949,0.002258074193554,0.0001166672479857,5.99999487081706e-10,0.000116667166667
16,49,250,1600,300,0.02,0,0.05,0,0,0,400000000,10,0.1,84,0.152247858091299,0.187680305314101,0.07,0.0128574663447693,0.027976458454138,0.0021909402069718,0.0315801637044378,0.0332668358581283,0.0033409186136436,0.00011765919285741,9.09248432275325e-06,0.00011666700000025,0.0315801637044378,0.0332668358581283,0.0033409186136436,0.00011765919285741,9.09248432275325e-06,0.00011666700000025
16,64,250,1600,300,0.02,0,0.05,0,0,0,400000000,10,0.1,76,0.153484017067809,0.198711890324545,0.07,0.00963207851635693,0.0194927672231644,0.0031728443920129,0.0315583952938454,0.0334782826651025,0.0033333428571492,0.000116667124342375,4.93577081516598e-10,0.0001166670000002,0.0315583952938454,0.0334782826651025,0.0033333428571492,0.000116667124342375,4.93577081516598e-10,0.0001166670000002
17,25,250,1600,300,0.02,0,0.05,0,0,0,400000000,10,0.1,96,0.344736052280899,0.265099671759115,0.493775640867452,0.0418720746173703,0.0463883814703913,0.0286203302743948,0.023489880783358,0.0322979048470178,0.0014738573071863,0.000116667485069927,7.58871856701021e-10,0.0001166674416671,0.023489880783358,0.0322979048470178,0.0014738573071863,0.000116667485069927,7.58871856701021e-10,0.0001166674416671
17,36,250,1600,300,0.02,0,0.05,0,0,0,400000000,10,0.1,91,0.267527105770183,0.252822314702733,0.07,0.0269868466687327,0.0352383445630293,0.0051166676666672,0.0253283080519376,0.0324223250548762,0.0020000097142902,0.000116667292491199,5.86685207728438e-10,0.0001166672333336,0.0253283080519376,0.0324223250548762,0.0020000097142902,0.000116667292491199,5.86685207728438e-10,0.0001166672333336
17,49,250,1600,300,0.02,0,0.05,0,0,0,400000000,10,0.1,84,0.209379005181431,0.232034306331492,0.07,0.0184210928861955,0.0276126486454176,0.0052728181664636,0.0228943101472355,0.0313193490399145,0.001521748913049,0.000116667286706705,5.20199883147933e-10,0.0001166674166671,0.0228943101472355,0.0313193490399145,0.001521748913049,0.000116667286706705,5.20199883147933e-10,0.0001166674166671
17,64,250,1600,300,0.02,0,0.05,0,0,0,400000000,10,0.1,76,0.161701984281021,0.201702206796297,0.07,0.013715566773793,0.0261461398998154,0.0037911274378621,0.022927783873652,0.0309562324169007,0.0019097320052134,0.000118860224342433,1.34281104175669e-05,0.00011666726666695,0.022927783873652,0.0309562324169007,0.0019097320052134,0.000118860224342433,1.34281104175669e-05,0.00011666726666695
18,25,250,1600,300,0.02,0,0.05,0,0,0,400000000,10,0.1,96,0.325390794372987,0.269481192570617,0.0946884128116316,0.0343413620723136,0.0405653794856817,0.0082148538603309,0.0294149975739784,0.0337765166913454,0.0024253382078904,0.0001276719387036,0.000107822852398411,0.0001166672000003,0.0294149975739784,0.0337765166913454,0.0024253382078904,0.0001276719387036,0.000107822852398411,0.0001166672000003
18,36,250,1600,300,0.02,0,0.05,0,0,0,400000000,10,0.1,91,0.23720730766078,0.241634649728956,0.07,0.0204164605326278,0.0310999683300164,0.0051833343000001,0.0281474030676052,0.0328957901788863,0.0026923173076983,0.000121767680545777,4.86555487492275e-05,0.0001166670833336,0.0281474030676052,0.0328957901788863,0.0026923173076983,0.000121767680545777,4.86555487492275e-05,0.0001166670833336
18,49,250,1600,300,0.02,0,0.05,0,0,0,400000000,10,0.1,84,0.185778785498679,0.223891353247302,0.07,0.0142490672062299,0.0250239023870835,0.00335769355168355,0.0319213244598382,0.0340090531349716,0.00388889833333825,0.000132211820091932,0.000142469446097836,0.00011666695833355,0.0319213244598382,0.0340090531349716,0.00388889833333825,0.000132211820091932,0.000142469446097836,0.00011666695833355
18,64,250,1600,300,0.02,0,0.05,0,0,0,400000000,10,0.1,76,0.125519573443367,0.164977798289668,0.07,0.0100339939397564,0.0215124245851755,0.00113333353333355,0.0347494478198844,0.0340899301711112,0.0189583406250029,0.00011666715964942,5.50133374842494e-10,0.00011666686666675,0.0347494478198844,0.0340899301711112,0.0189583406250029,0.00011666715964942,5.50133374842494e-10,0.00011666686666675
19,25,250,1600,300,0.02,0,0.05,0,0,0,400000000,10,0.1,96,0.332248939859216,0.264322494940271,0.356831654152123,0.0368699224705961,0.0445155162343086,0.0122071899207582,0.0223002975725187,0.0315687607988836,0.0016358811118248,0.000118403515104586,1.19646969383862e-05,0.00011666738333375,0.0223002975725187,0.0315687607988836,0.0016358811118248,0.000118403515104586,1.19646969383862e-05,0.00011666738333375
19,36,250,1600,300,0.02,0,0.05,0,0,0,400000000,10,0.1,91,0.260322358299228,0.257345537151727,0.07,0.0271911795721231,0.0364057812307811,0.006366667916667,0.0233058301559564,0.031700108091867,0.0014893714893666,0.000116667357692705,6.04256368796935e-10,0.0001166674333337,0.0233058301559564,0.031700108091867,0.0014893714893666,0.000116667357692705,6.04256368796935e-10,0.0001166674333337
19,49,250,1600,300,0.02,0,0.05,0,0,0,400000000,10,0.1,84,0.190350536858902,0.218830926083445,0.07,0.0178082256210113,0.0297396905812319,0.0058133364445054,0.0244268820952123,0.0324437102232614,0.0014608793565274,0.000116667310317827,5.61290085859941e-10,0.0001166674500004,0.0244268820952123,0.0324437102232614,0.0014608793565274,0.000116667310317827,5.61290085859941e-10,0.0001166674500004
19,64,250,1600,300,0.02,0,0.05,0,0,0,400000000,10,0.1,76,0.153661732579477,0.198432846655519,0.07,0.0138479119251699,0.0259063989785788,0.003783334066667,0.0245658827760324,0.0321574936618136,0.0019444541666725,0.000116667261184563,5.24718112574809e-10,0.00011666725000035,0.0245658827760324,0.0321574936618136,0.0019444541666725,0.000116667261184563,5.24718112574809e-10,0.00011666725000035
20,25,250,1600,300,0.02,0,0.05,0,0,0,400000000,10,0.1,96,0.285223499060684,0.25341768194305,0.0757140943110743,0.0357243248266873,0.044794741842569,0.00630932705182435,0.0281328970671589,0.0335204618832105,0.00168700162892565,0.00011666739878514,7.20219016439056e-10,0.00011666734166705,0.0281328970671589,0.0335204618832105,0.00168700162892565,0.00011666739878514,7.20219016439056e-10,0.00011666734166705
20,36,250,1600,300,0.02,0,0.05,0,0,0,400000000,10,0.1,91,0.258803098871626,0.25514298184642,0.07,0.0273008226180732,0.0390428682579204,0.0058664293954846,0.0278272890486622,0.0335379473085564,0.0017073268292722,0.00011666731282089,6.39493185632011e-10,0.0001166673333336,0.0278272890486622,0.0335379473085564,0.0017073268292722,0.00011666731282089,6.39493185632011e-10,0.0001166673333336
20,49,250,1600,300,0.02,0,0.05,0,0,0,400000000,10,0.1,84,0.200933917563175,0.225316679049104,0.07,0.0209161890455778,0.0332599021620017,0.00370000071666695,0.0284280107352912,0.0336607039867822,0.0018670083108166,0.00011666728511942,5.95813579325938e-10,0.0001166672750003,0.0284280107352912,0.0336607039867822,0.0018670083108166,0.00011666728511942,5.95813579325938e-10,0.0001166672750003
20,64,250,1600,300,0.02,0,0.05,0,0,0,400000000,10,0.1,76,0.138516271372104,0.184069954934783,0.07,0.0104691748897432,0.0231282830855269,0.00335000060833375,0.0295510634977604,0.0338011876707287,0.00229570859677895,0.000116667143421337,4.7286448710056e-10,0.0001166671583336,0.0295510634977604,0.0338011876707287,0.00229570859677895,0.000116667143421337,4.7286448710056e-10,0.0001166671583336
