UEIdx,lambdaBS,lambdaUE,numBlockers,deployRange,discoveryDelay,failureDetectionDelay,connectionSetupDelay,signalingAfterRachDelay,frameHopCount,frameDeliveryDelay,minRatereq,powerFac,lower_bound_thresh,GroupCount,mean_meanOutageDuration_wo_CF,std_meanOutageDuration_wo_CF,median_meanOutageDuration_wo_CF,mean_outageProbability_wo_CF,std_outageProbability_wo_CF,median_outageProbability_wo_CF,mean_meanOutageDuration,std_meanOutageDuration,median_meanOutageDuration,mean_outageProbability,std_outageProbability,median_outageProbability
1,100,1000,193,300,0.02,0,0.05,0,0,0,400000000,10,0.1,60,0.087858301725609,0.0967910473530078,0.07,0.000350592446139727,0.00170497446283419,1.94444444444e-05,0.0665634361815875,0.0151068821499213,0.07,1.944445425914e-05,4.71524746711024e-11,1.94444444444e-05
2,100,1000,193,300,0.02,0,0.05,0,0,0,400000000,10,0.1,60,0.105763724701566,0.139513580592315,0.07,0.00059643939666751,0.00234178149628636,1.94444444444e-05,0.0643200553589386,0.0190018515843335,0.07,1.94444574072733e-05,4.906410726946e-11,1.94444444444e-05
3,100,1000,193,300,0.02,0,0.05,0,0,0,400000000,10,0.1,60,0.0785332632229166,0.0660983727023198,0.07,0.000256229767671248,0.00183413122696785,1.94444444444e-05,0.0688465910738624,0.00893426712459628,0.07,1.94444484721467e-05,3.11987915256654e-11,1.94444444444e-05
4,100,1000,193,300,0.02,0,0.05,0,0,0,400000000,10,0.1,60,0.0805701823593721,0.0858784027367557,0.07,0.00030159738775871,0.00178038496027206,1.94444444444e-05,0.0665393668347142,0.0152119135380619,0.07,1.94444574535717e-05,5.9017174982738e-11,1.94444444444e-05
5,100,1000,193,300,0.02,0,0.05,0,0,0,400000000,10,0.1,60,0.0762301913160231,0.0509905338887289,0.07,0.000123978074779382,0.000483926391377332,1.94444444444e-05,0.0666446268129866,0.0147697141380331,0.07,1.94444591665167e-05,7.80295202595204e-11,1.94444444444e-05
6,100,1000,193,300,0.02,0,0.05,0,0,0,400000000,10,0.1,60,0.0794934467621558,0.0771646098927113,0.07,0.000280928857979405,0.00157978057422361,1.94444444444e-05,0.0665377930563901,0.0152188536140475,0.07,1.94444582406e-05,6.27326278277518e-11,1.94444444444e-05
7,100,1000,193,300,0.02,0,0.05,0,0,0,400000000,10,0.1,60,0.102966136478431,0.12820926432705,0.07,0.000570174936048997,0.00221689386152703,1.94444444444e-05,0.0636904780789262,0.0195047560579089,0.07,2.01389069442667e-05,5.37918383433157e-06,1.94444444444e-05
8,100,1000,193,300,0.02,0,0.05,0,0,0,400000000,10,0.1,60,0.085406671327623,0.0848643507364274,0.07,0.00022221241809694,0.00103351402716052,1.94444444444e-05,0.0665965845317827,0.0149637669847201,0.07,1.9444453333225e-05,4.80463456130231e-11,1.94444444444e-05
9,100,1000,193,300,0.02,0,0.05,0,0,0,400000000,10,0.1,60,0.0846091425921313,0.0805091631597377,0.07,0.000277777044294995,0.00110409474956825,1.94444444444e-05,0.0654134543752942,0.0173068559514134,0.07,1.94444585646717e-05,5.98747141704365e-11,1.94444444444e-05
10,100,1000,193,300,0.02,0,0.05,0,0,0,400000000,10,0.1,60,0.0748791621042643,0.043148357419504,0.07,0.000112151140878087,0.000439738088894595,1.94444444444e-05,0.0656983989474085,0.0163324608928618,0.07,1.94444533332233e-05,4.22779966004564e-11,1.94444444444e-05
11,100,1000,193,300,0.02,0,0.05,0,0,0,400000000,10,0.1,60,0.0774019847779248,0.0602742647030031,0.07,0.000249118586306102,0.00125322331909039,1.94444444444e-05,0.0665718199556905,0.0150703691387901,0.07,2.106483046281e-05,1.25513919429674e-05,1.94444444444e-05
12,100,1000,193,300,0.02,0,0.05,0,0,0,400000000,10,0.1,60,0.0789737394358416,0.0723665842629282,0.07,0.000237481399718415,0.00125390476008868,1.94444444444e-05,0.0665423662673948,0.015198832749225,0.07,1.9444457222095e-05,5.87900874738782e-11,1.94444444444e-05
13,100,1000,193,300,0.02,0,0.05,0,0,0,400000000,10,0.1,60,0.0869305190697586,0.0930339466880537,0.07,0.000371794763781903,0.00178049792566406,1.94444444444e-05,0.0665503792806781,0.0151635455728049,0.07,1.94444546758067e-05,4.6882766621334e-11,1.94444444444e-05
14,100,1000,193,300,0.02,0,0.05,0,0,0,400000000,10,0.1,60,0.0768073542321006,0.0577372229231275,0.07,0.000159880637171703,0.00072201846962105,1.94444444444e-05,0.0666054780752929,0.0149237961601196,0.07,2.13889012035683e-05,1.50616484236244e-05,1.94444444444e-05
15,100,1000,193,300,0.02,0,0.05,0,0,0,400000000,10,0.1,60,0.086421851841079,0.092003798679117,0.07,0.000341318539424488,0.00149502735210624,1.94444444444e-05,0.0654029483630076,0.0173459658691052,0.07,1.94444581017133e-05,5.44310263401914e-11,1.94444444444e-05
16,100,1000,193,300,0.02,0,0.05,0,0,0,400000000,10,0.1,60,0.06930642988772,0.0033355054820829,0.07,0.000109278776569983,0.000410011864040831,1.94444444444e-05,0.0666402188555597,0.0147775158744571,0.07,2.31481639350367e-05,2.38332903785239e-05,1.94444444444e-05
17,100,1000,193,300,0.02,0,0.05,0,0,0,400000000,10,0.1,60,0.0802797054569921,0.0796262560776954,0.07,0.000248047812843502,0.00177075407739328,1.94444444444e-05,0.0688495372013876,0.00891144651891428,0.07,1.94444477314117e-05,2.54610828875765e-11,1.94444444444e-05
18,100,1000,193,300,0.02,0,0.05,0,0,0,400000000,10,0.1,60,0.110089275606652,0.152240652413621,0.07,0.000587290740140103,0.00209967545426139,1.94444444444e-05,0.0631893347133559,0.0206124061148921,0.07,1.94444617590883e-05,6.08755927759266e-11,1.94444444444e-05
19,100,1000,193,300,0.02,0,0.05,0,0,0,400000000,10,0.1,60,0.0787610146980934,0.0715386343783195,0.07,0.000140372586655148,0.000477835945592837,1.94444444444e-05,0.0654451649174226,0.0171912522627809,0.07,1.94444576850433e-05,5.56853282723545e-11,1.94444444444e-05
20,100,1000,193,300,0.02,0,0.05,0,0,0,400000000,10,0.1,60,0.102148492050902,0.121794805386343,0.07,0.000668840748967707,0.00270320230308989,1.94444444444e-05,0.065422542248794,0.0172723760293936,0.07,1.9444455879505e-05,4.73231194749938e-11,1.94444444444e-05
