UEIdx,lambdaBS,lambdaUE,numBlockers,deployRange,discoveryDelay,failureDetectionDelay,connectionSetupDelay,signalingAfterRachDelay,frameHopCount,frameDeliveryDelay,minRatereq,powerFac,lower_bound_thresh,GroupCount,mean_meanOutageDuration_wo_CF,std_meanOutageDuration_wo_CF,median_meanOutageDuration_wo_CF,mean_outageProbability_wo_CF,std_outageProbability_wo_CF,median_outageProbability_wo_CF,mean_meanOutageDuration,std_meanOutageDuration,median_meanOutageDuration,mean_outageProbability,std_outageProbability,median_outageProbability
1,25,250,981,564.189584,0.02,0,0.05,0,0,0,400000000,10,0.1,99,0.0911624691347874,0.104170749761117,0.07,0.00178233693085967,0.00646632013652033,1.94444444444e-05,0.0601445224706662,0.0244077800030724,0.07,1.94445401788475e-05,2.43041851413398e-10,1.94444444444e-05
1,25,500,981,564.189584,0.02,0,0.05,0,0,0,400000000,10,0.1,99,0.0850803411524681,0.0862360961142583,0.07,0.00119118901360603,0.00447208848467532,1.94444444444e-05,0.0723723739745004,0.0516006719616369,0.07,0.000544098536634074,0.00221429539640561,1.94444444444e-05
1,25,750,981,564.189584,0.02,0,0.05,0,0,0,400000000,10,0.1,18,0.0698399328867191,0.0012645370490494,0.07,0.000542800405289445,0.00152319384867343,1.94444444444e-05,0.0698399328867191,0.0012645370490494,0.07,0.000542800405289445,0.00152319384867343,1.94444444444e-05
1,36,250,628,564.189584,0.02,0,0.05,0,0,0,400000000,10,0.1,99,0.107812653965982,0.139767490782447,0.07,0.00106246547098231,0.00379399449464513,1.94444444444e-05,0.0637172248343522,0.0199698131468602,0.07,1.94444718852818e-05,9.97014373274208e-11,1.94444444444e-05
1,36,500,628,564.189584,0.02,0,0.05,0,0,0,400000000,10,0.1,95,0.113188720604228,0.144407495048625,0.07,0.00141458808002229,0.00491642647783374,1.94444444444e-05,0.0829123851945793,0.0895717035398106,0.07,0.00073157027674994,0.00398004935160166,1.94444444444e-05
1,49,250,436,564.189584,0.02,0,0.05,0,0,0,400000000,10,0.1,99,0.0807791243430915,0.0778480370424564,0.07,0.000755118690539547,0.00410194648213701,1.94444444444e-05,0.0650818436190491,0.0179206162454681,0.07,1.94444780019444e-05,1.26140641349065e-10,1.94444444444e-05
1,49,500,436,564.189584,0.02,0,0.05,0,0,0,400000000,10,0.1,89,0.085861689580843,0.0870458262760673,0.07,0.000760310144364123,0.00341748410454455,1.94444444444e-05,0.0653127894870721,0.0175320300538489,0.07,1.94444737825247e-05,1.13521776797276e-10,1.94444444444e-05
1,64,250,320,564.189584,0.02,0,0.05,0,0,0,400000000,10,0.1,99,0.0902848549016641,0.100727157540461,0.07,0.000341211336372581,0.0015408628466473,1.94444444444e-05,0.0665350327491083,0.0151007884123999,0.07,1.94444533668949e-05,4.56108811349668e-11,1.94444444444e-05
1,64,500,320,564.189584,0.02,0,0.05,0,0,0,400000000,10,0.1,79,0.0894476194662839,0.0991402029457714,0.07,0.000399789528176104,0.00201013131882261,1.94444444444e-05,0.0670944702580431,0.0133634723194767,0.07,3.76579020950975e-05,0.000161884697851465,1.94444444444e-05
2,25,250,981,564.189584,0.02,0,0.05,0,0,0,400000000,10,0.1,99,0.0855337240356315,0.087783578435353,0.07,0.00150277569115554,0.00611806169143907,1.94444444444e-05,0.0615520954610433,0.0228624484222623,0.07,1.94445241856707e-05,2.19853340318891e-10,1.94444444444e-05
2,25,500,981,564.189584,0.02,0,0.05,0,0,0,400000000,10,0.1,99,0.0798559240426049,0.0692323125752279,0.07,0.000954263327779303,0.00382912013462765,1.94444444444e-05,0.0651968981127235,0.0175063352873598,0.07,0.000213467139839234,0.000908517388178297,1.94444444444e-05
2,25,750,981,564.189584,0.02,0,0.05,0,0,0,400000000,10,0.1,18,0.0697012317377902,0.00126756638527146,0.07,0.000282636965883583,0.00111663130000339,1.94444444444e-05,0.0697012317377902,0.00126756638527146,0.07,0.000282636965883583,0.00111663130000339,1.94444444444e-05
2,36,250,628,564.189584,0.02,0,0.05,0,0,0,400000000,10,0.1,99,0.0894251334494679,0.0984072255358658,0.07,0.000726984682735137,0.00298610875655201,1.94444444444e-05,0.0623211317787716,0.021832426654676,0.07,1.94444874575657e-05,1.35119327155616e-10,1.94444444444e-05
2,36,500,628,564.189584,0.02,0,0.05,0,0,0,400000000,10,0.1,95,0.0968762564355386,0.116445039103976,0.07,0.00104891761907655,0.00396154803658905,1.94444444444e-05,0.0896057905202905,0.0998064400725269,0.07,0.000917843504277854,0.00377664369176533,1.94444444444e-05
2,49,250,436,564.189584,0.02,0,0.05,0,0,0,400000000,10,0.1,99,0.0805615674950919,0.0778133185888234,0.07,0.000562484640495026,0.00275672967308547,1.94444444444e-05,0.0637016120347566,0.0200194334150965,0.07,1.94444801624374e-05,1.25203016968372e-10,1.94444444444e-05
2,49,500,436,564.189584,0.02,0,0.05,0,0,0,400000000,10,0.1,89,0.0753529940532292,0.054938270562116,0.07,0.000470244130602113,0.00218134124602368,1.94444444444e-05,0.0637603530264872,0.0199672226496878,0.07,1.96005391694472e-05,1.47227040553945e-06,1.94444444444e-05
2,64,250,320,564.189584,0.02,0,0.05,0,0,0,400000000,10,0.1,99,0.0851273123372668,0.0915792426669558,0.07,0.000347257100067677,0.00143103030016751,1.94444444444e-05,0.0651160266563508,0.0177965920871927,0.07,1.94444641131757e-05,7.92748701135419e-11,1.94444444444e-05
2,64,500,320,564.189584,0.02,0,0.05,0,0,0,400000000,10,0.1,79,0.0860055014738042,0.083314825822136,0.07,0.000310933213455362,0.00142823377922857,1.94444444444e-05,0.0704727312197743,0.0233313745600633,0.07,8.44607959336785e-05,0.00044019587599627,1.94444444444e-05
3,25,250,981,564.189584,0.02,0,0.05,0,0,0,400000000,10,0.1,99,0.0732263558829373,0.0322879408552329,0.07,0.000341153414790365,0.00125057360980863,1.94444444444e-05,0.0651374500816548,0.0177291363469835,0.07,1.94444890287899e-05,1.76453621700379e-10,1.94444444444e-05
3,25,500,981,564.189584,0.02,0,0.05,0,0,0,400000000,10,0.1,99,0.0736697567337978,0.0381421838480148,0.07,0.000216491913767466,0.000907587104925964,1.94444444444e-05,0.0685010235788089,0.00939856552225193,0.07,0.000152180163497538,0.000750167540359428,1.94444444444e-05
3,25,750,981,564.189584,0.02,0,0.05,0,0,0,400000000,10,0.1,18,0.0700669052880379,0.000283855097212793,0.07,0.000259008343293867,0.00101638354442368,1.94444444444e-05,0.0700669052880379,0.000283855097212793,0.07,0.000259008343293867,0.00101638354442368,1.94444444444e-05
3,36,250,628,564.189584,0.02,0,0.05,0,0,0,400000000,10,0.1,99,0.0792624844415786,0.0649069720986558,0.07,0.000309620219741727,0.0015404072603142,1.94444444444e-05,0.0672015142926482,0.0137079195772739,0.07,1.94444624296758e-05,1.05686970880009e-10,1.94444444444e-05
3,36,500,628,564.189584,0.02,0,0.05,0,0,0,400000000,10,0.1,95,0.0871030176261063,0.0952130108978446,0.07,0.000453088903150634,0.00252190173582767,1.94444444444e-05,0.080007084965772,0.0736035680269724,0.07,0.000289488233481815,0.00197651080172402,1.94444444444e-05
3,49,250,436,564.189584,0.02,0,0.05,0,0,0,400000000,10,0.1,99,0.0807527225884896,0.0753122253819708,0.07,0.000311904401527513,0.00267602397736061,1.94444444444e-05,0.0686375881958535,0.00954113097330576,0.07,1.94444491301121e-05,4.2852487826447e-11,1.94444444444e-05
3,49,500,436,564.189584,0.02,0,0.05,0,0,0,400000000,10,0.1,89,0.0760223130051254,0.0568143872616916,0.07,0.000365341485375975,0.00326318615778269,1.94444444444e-05,0.0692177811641179,0.00737943773885187,0.07,1.94444501247584e-05,5.35883942231601e-11,1.94444444444e-05
3,64,250,320,564.189584,0.02,0,0.05,0,0,0,400000000,10,0.1,99,0.0699075745027489,0.000919622086332625,0.07,5.5102339820797e-05,0.000354791579331772,1.94444444444e-05,0.0697814993548793,0.00217405396894824,0.07,4.77479561950738e-05,0.0002816163861792,1.94444444444e-05
3,64,500,320,564.189584,0.02,0,0.05,0,0,0,400000000,10,0.1,79,0.07,4.18993940115796e-17,0.07,1.94444444444e-05,3.40978141370277e-21,1.94444444444e-05,0.07,4.18993940115796e-17,0.07,1.94444444444e-05,3.40978141370277e-21,1.94444444444e-05
4,25,250,981,564.189584,0.02,0,0.05,0,0,0,400000000,10,0.1,99,0.0753269144476692,0.0516075804477372,0.07,0.000801576004306999,0.0022908609276439,1.94444444444e-05,0.0601507406020316,0.0243924262769807,0.07,1.9444534286604e-05,2.33654680393199e-10,1.94444444444e-05
4,25,500,981,564.189584,0.02,0,0.05,0,0,0,400000000,10,0.1,99,0.0847682082988657,0.0822267660203052,0.07,0.0011797321401622,0.0036273513313687,1.94444444444e-05,0.0709699359392514,0.0494559209650031,0.07,0.000791915665243493,0.00306172320491188,1.94444444444e-05
4,25,750,981,564.189584,0.02,0,0.05,0,0,0,400000000,10,0.1,18,0.0702250247511743,0.0031218417964731,0.07,0.000857827311578995,0.00196596266598639,1.94444444444e-05,0.0702250247511743,0.0031218417964731,0.07,0.000857827311578995,0.00196596266598639,1.94444444444e-05
4,36,250,628,564.189584,0.02,0,0.05,0,0,0,400000000,10,0.1,99,0.0937613939509677,0.104874728543063,0.07,0.000665518261641817,0.00245732225036189,1.94444444444e-05,0.0637196053479062,0.0199622631177815,0.07,1.94444723061545e-05,1.0409195927488e-10,1.94444444444e-05
4,36,500,628,564.189584,0.02,0,0.05,0,0,0,400000000,10,0.1,95,0.100023946015023,0.11762731259453,0.07,0.00108268130218894,0.00371066058998181,1.94444444444e-05,0.0771480062076606,0.0724515885905034,0.07,0.000549167948488896,0.00270892075946611,1.94444444444e-05
4,49,250,436,564.189584,0.02,0,0.05,0,0,0,400000000,10,0.1,99,0.0740998069085519,0.0429699598803164,0.07,0.00034934115060741,0.00170192773337443,1.94444444444e-05,0.0657861233270067,0.0166745579738606,0.07,1.94444737651758e-05,1.23607653108933e-10,1.94444444444e-05
4,49,500,436,564.189584,0.02,0,0.05,0,0,0,400000000,10,0.1,89,0.0752443491352709,0.0525778300999221,0.07,0.000331529912088368,0.00183335865837931,1.94444444444e-05,0.066803116382623,0.0144786739975545,0.07,5.34730932476775e-05,0.000321025458042679,1.94444444444e-05
4,64,250,320,564.189584,0.02,0,0.05,0,0,0,400000000,10,0.1,99,0.0842628384786927,0.082338704275025,0.07,0.000285709298050113,0.00133491196974573,1.94444444444e-05,0.0665221685401534,0.0151567654862162,0.07,1.94444554993182e-05,5.43299081861345e-11,1.94444444444e-05
4,64,500,320,564.189584,0.02,0,0.05,0,0,0,400000000,10,0.1,79,0.0742975913860114,0.0391086239011397,0.07,0.000136053379951687,0.000818285319803429,1.94444444444e-05,0.0706317184199209,0.0141467659471885,0.07,6.16118611047165e-05,0.000336807883393069,1.94444444444e-05
5,25,250,981,564.189584,0.02,0,0.05,0,0,0,400000000,10,0.1,99,0.0989428297120571,0.115812215860894,0.07,0.00169945083243042,0.00716931766227151,1.94444444444e-05,0.0636968628560665,0.0200353697451376,0.07,1.94444940231505e-05,1.76547331183319e-10,1.94444444444e-05
5,25,500,981,564.189584,0.02,0,0.05,0,0,0,400000000,10,0.1,99,0.0932548786727965,0.100531643114104,0.07,0.00127381946614164,0.00538892861388434,1.94444444444e-05,0.069280536573023,0.026534592438618,0.07,0.000306481572816919,0.00135564750462346,1.94444444444e-05
5,25,750,981,564.189584,0.02,0,0.05,0,0,0,400000000,10,0.1,18,0.0953082855777874,0.106381125387533,0.07,0.00154123126175807,0.00393804102804739,1.94444444444e-05,0.0953082855777874,0.106381125387533,0.07,0.00154123126175807,0.00393804102804739,1.94444444444e-05
5,36,250,628,564.189584,0.02,0,0.05,0,0,0,400000000,10,0.1,99,0.0820252348885603,0.0701512286077692,0.07,0.000486607399121318,0.00181816923775825,1.94444444444e-05,0.0646986128685201,0.0181652991904471,0.07,4.55088135930757e-05,0.000253757830361726,1.94444444444e-05
5,36,500,628,564.189584,0.02,0,0.05,0,0,0,400000000,10,0.1,95,0.0861950137741003,0.0905118700493292,0.07,0.000812493493568094,0.00366843669751283,1.94444444444e-05,0.0741207291716417,0.0522384847282286,0.07,0.000485467572308799,0.00288789614576322,1.94444444444e-05
5,49,250,436,564.189584,0.02,0,0.05,0,0,0,400000000,10,0.1,99,0.0736454816616372,0.0398583000833185,0.07,0.000184388457110935,0.000660408702359105,1.94444444444e-05,0.0658156350001387,0.0165600916029245,0.07,1.94444669470343e-05,9.63490051955948e-11,1.94444444444e-05
5,49,500,436,564.189584,0.02,0,0.05,0,0,0,400000000,10,0.1,89,0.0799086652944634,0.0679588287783964,0.07,0.00033430558166135,0.00188838369996135,1.94444444444e-05,0.066121986555757,0.0159866788981148,0.07,1.94444624842146e-05,8.12368372522977e-11,1.94444444444e-05
5,64,250,320,564.189584,0.02,0,0.05,0,0,0,400000000,10,0.1,99,0.0698185950886971,0.00172857021116825,0.07,0.000132487009304903,0.000571761644516948,1.94444444444e-05,0.0672841597073142,0.0133216142997744,0.07,2.4538249288403e-05,4.79436891509527e-05,1.94444444444e-05
5,64,500,320,564.189584,0.02,0,0.05,0,0,0,400000000,10,0.1,79,0.0770089049154864,0.0588514959364084,0.07,0.000313481124431733,0.00177703339391262,1.94444444444e-05,0.074579043166373,0.0535274746109496,0.07,0.000282607364452252,0.00162926505095304,1.94444444444e-05
6,25,250,981,564.189584,0.02,0,0.05,0,0,0,400000000,10,0.1,99,0.0910963991617832,0.103783847275625,0.07,0.00116457357183953,0.00498304095427013,1.94444444444e-05,0.0636783480909529,0.020092697631847,0.07,1.94444936303414e-05,1.72606455618996e-10,1.94444444444e-05
6,25,500,981,564.189584,0.02,0,0.05,0,0,0,400000000,10,0.1,99,0.0901971164675803,0.0998420364918986,0.07,0.00115648452130435,0.00460799473563799,1.94444444444e-05,0.069122064984332,0.0326441807658466,0.07,0.000258192166473109,0.00106584194772358,1.94444444444e-05
6,25,750,981,564.189584,0.02,0,0.05,0,0,0,400000000,10,0.1,18,0.0985725953800876,0.121223255696156,0.07,0.00114549906798139,0.00477744516173684,1.94444444444e-05,0.0985725953800876,0.121223255696156,0.07,0.00114549906798139,0.00477744516173684,1.94444444444e-05
6,36,250,628,564.189584,0.02,0,0.05,0,0,0,400000000,10,0.1,99,0.0923191582372581,0.109597444892746,0.07,0.000688290564474301,0.00313123651969229,1.94444444444e-05,0.0658018539976954,0.0166124572718357,0.07,1.94444657124899e-05,9.63806542739178e-11,1.94444444444e-05
6,36,500,628,564.189584,0.02,0,0.05,0,0,0,400000000,10,0.1,95,0.0974598426278429,0.118273816347331,0.07,0.000964560388579137,0.0042633490101317,1.94444444444e-05,0.0962740756862793,0.114544660302402,0.07,0.000944797606219743,0.00423185755122398,1.94444444444e-05
6,49,250,436,564.189584,0.02,0,0.05,0,0,0,400000000,10,0.1,99,0.0796813792983447,0.0678659376474505,0.07,0.000390157771785837,0.00223970861462063,1.94444444444e-05,0.0671955517313789,0.0137368520082983,0.07,1.94444599886182e-05,8.0545112228927e-11,1.94444444444e-05
6,49,500,436,564.189584,0.02,0,0.05,0,0,0,400000000,10,0.1,89,0.0869061343136604,0.0915380588445213,0.07,0.000639213031321598,0.003413412029721,1.94444444444e-05,0.0668858150297014,0.0144372540984958,0.07,1.94444595191966e-05,7.44525304615329e-11,1.94444444444e-05
6,64,250,320,564.189584,0.02,0,0.05,0,0,0,400000000,10,0.1,99,0.0733927531390074,0.035577854539566,0.07,0.000143212220747908,0.000786602138751885,1.94444444444e-05,0.0685063552743298,0.00981537837476262,0.07,4.67426628625242e-05,0.000271613784307184,1.94444444444e-05
6,64,500,320,564.189584,0.02,0,0.05,0,0,0,400000000,10,0.1,79,0.0809916543453575,0.0701388400876482,0.07,0.000194221035612232,0.00105273358608257,1.94444444444e-05,0.0707223714087065,0.0163546143008036,0.07,6.94749908500443e-05,0.000347817162103673,1.94444444444e-05
7,25,250,981,564.189584,0.02,0,0.05,0,0,0,400000000,10,0.1,99,0.0993249778303851,0.117321757956328,0.07,0.00141884400794062,0.00561344750688312,1.94444444444e-05,0.0617649608304571,0.0223469030620944,0.07,1.94445005326485e-05,1.78795124338255e-10,1.94444444444e-05
7,25,500,981,564.189584,0.02,0,0.05,0,0,0,400000000,10,0.1,99,0.0848379916958771,0.0832622691734977,0.07,0.00122754221575776,0.00563134725306795,1.94444444444e-05,0.0714535223081601,0.0522092740424448,0.07,0.000657864227085543,0.00488884772812188,1.94444444444e-05
7,25,750,981,564.189584,0.02,0,0.05,0,0,0,400000000,10,0.1,18,0.0700553297430083,0.000234744218894748,0.07,0.000299937583196811,0.00119003160292877,1.94444444444e-05,0.0700553297430083,0.000234744218894748,0.07,0.000299937583196811,0.00119003160292877,1.94444444444e-05
7,36,250,628,564.189584,0.02,0,0.05,0,0,0,400000000,10,0.1,99,0.0835329472485096,0.0785782814976437,0.07,0.000517102973462767,0.0029583785629638,1.94444444444e-05,0.0658073347170375,0.0165912508599491,0.07,1.94444661053061e-05,9.53861167697672e-11,1.94444444444e-05
7,36,500,628,564.189584,0.02,0,0.05,0,0,0,400000000,10,0.1,95,0.0900438595743135,0.0959775549475397,0.07,0.000692337249798661,0.00293181928483592,1.94444444444e-05,0.0746291754380126,0.0518413454315722,0.07,0.000277388146282434,0.00142873625758469,1.94444444444e-05
7,49,250,436,564.189584,0.02,0,0.05,0,0,0,400000000,10,0.1,99,0.0752825132630051,0.0532808015279143,0.07,0.000300850216339227,0.00194082911783194,1.94444444444e-05,0.0671912912405266,0.0137576281215619,0.07,1.94444612792899e-05,8.42711174199681e-11,1.94444444444e-05
7,49,500,436,564.189584,0.02,0,0.05,0,0,0,400000000,10,0.1,89,0.075691792460426,0.0536962626792401,0.07,0.000256763975733675,0.00223886798045154,1.94444444444e-05,0.0692194417185896,0.00736377209929632,0.07,1.94444485330101e-05,3.85718706565278e-11,1.94444444444e-05
7,64,250,320,564.189584,0.02,0,0.05,0,0,0,400000000,10,0.1,99,0.0863148113288312,0.0940508674370836,0.07,0.000395209487653882,0.00214188220600425,1.94444444444e-05,0.0679076510799128,0.0118963679935909,0.07,1.94444506452525e-05,3.55235451557837e-11,1.94444444444e-05
7,64,500,320,564.189584,0.02,0,0.05,0,0,0,400000000,10,0.1,79,0.0762424995277462,0.0554845494526087,0.07,0.00011424598526442,0.00084261452586942,1.94444444444e-05,0.069132384090189,0.00771153888595651,0.07,1.94444460969911e-05,1.46885513377811e-11,1.94444444444e-05
8,25,250,981,564.189584,0.02,0,0.05,0,0,0,400000000,10,0.1,99,0.0799561872922839,0.0690480497662153,0.07,0.000709058968372728,0.00253728496683607,1.94444444444e-05,0.0636690897569544,0.0201220581355853,0.07,1.94445026370141e-05,1.95089156811074e-10,1.94444444444e-05
8,25,500,981,564.189584,0.02,0,0.05,0,0,0,400000000,10,0.1,99,0.081872788745199,0.0808500139267786,0.07,0.000816549731941945,0.0028101373916076,1.94444444444e-05,0.0710149019931089,0.0433894799143854,0.07,0.000369954449046078,0.00155281962908818,1.94444444444e-05
8,25,750,981,564.189584,0.02,0,0.05,0,0,0,400000000,10,0.1,18,0.07,2.85602516873777e-17,0.07,1.94444444444e-05,3.48635884855684e-21,1.94444444444e-05,0.07,2.85602516873777e-17,0.07,1.94444444444e-05,3.48635884855684e-21,1.94444444444e-05
8,36,250,628,564.189584,0.02,0,0.05,0,0,0,400000000,10,0.1,99,0.0935153323486886,0.10326928255952,0.07,0.000706153373270945,0.00280772983116797,1.94444444444e-05,0.0644177371762944,0.0189244351132639,0.07,1.94444716327515e-05,1.05144682705008e-10,1.94444444444e-05
8,36,500,628,564.189584,0.02,0,0.05,0,0,0,400000000,10,0.1,95,0.090638051133148,0.0998580267229057,0.07,0.000750754581234866,0.00343471369182617,1.94444444444e-05,0.0779703535575742,0.0662198497542703,0.07,0.000459078434086256,0.00282489909488226,1.94444444444e-05
8,49,250,436,564.189584,0.02,0,0.05,0,0,0,400000000,10,0.1,99,0.0810582113893105,0.0776936579574258,0.07,0.000579882886671347,0.00338398124035207,1.94444444444e-05,0.0664886587883537,0.0153023342253194,0.07,1.94444670031636e-05,1.02341978644626e-10,1.94444444444e-05
8,49,500,436,564.189584,0.02,0,0.05,0,0,0,400000000,10,0.1,89,0.0825075514097714,0.0824351741413387,0.07,0.000535278231696986,0.00264024858563231,1.94444444444e-05,0.0660959193382799,0.0160927136609207,0.07,1.94444694754258e-05,1.09969253240805e-10,1.94444444444e-05
8,64,250,320,564.189584,0.02,0,0.05,0,0,0,400000000,10,0.1,99,0.0786624278315221,0.0611039141668384,0.07,0.000201185798616351,0.000984407368580142,1.94444444444e-05,0.0672136486521521,0.0136485946985776,0.07,1.94444548539768e-05,5.78753701578441e-11,1.94444444444e-05
8,64,500,320,564.189584,0.02,0,0.05,0,0,0,400000000,10,0.1,79,0.0750812794075835,0.0497718566089147,0.07,0.000195738409932092,0.00126192754457466,1.94444444444e-05,0.0680351697259071,0.0107917287510256,0.07,3.40365781996253e-05,0.000109742732361694,1.94444444444e-05
9,25,250,981,564.189584,0.02,0,0.05,0,0,0,400000000,10,0.1,99,0.0849624553651156,0.0847560234879607,0.07,0.00164333378639904,0.0061216764303491,1.94444444444e-05,0.0601393525736736,0.0244205717765854,0.07,1.94445520474131e-05,2.7258135990023e-10,1.94444444444e-05
9,25,500,981,564.189584,0.02,0,0.05,0,0,0,400000000,10,0.1,99,0.0842202295550156,0.0797337916641815,0.07,0.00122459316565514,0.00434694529802266,1.94444444444e-05,0.0693367269689069,0.0442590798187228,0.07,0.000515182341326772,0.00243939606854191,1.94444444444e-05
9,25,750,981,564.189584,0.02,0,0.05,0,0,0,400000000,10,0.1,18,0.0701774096338731,0.000752685330956855,0.07,0.000324466114105406,0.00129409734615684,1.94444444444e-05,0.0701774096338731,0.000752685330956855,0.07,0.000324466114105406,0.00129409734615684,1.94444444444e-05
9,36,250,628,564.189584,0.02,0,0.05,0,0,0,400000000,10,0.1,99,0.11685364492896,0.141673346437756,0.07,0.00118466804881498,0.00364318411811493,1.94444444444e-05,0.0623715966221363,0.0216928310696823,0.07,1.9444470257897e-05,8.26374864654576e-11,1.94444444444e-05
9,36,500,628,564.189584,0.02,0,0.05,0,0,0,400000000,10,0.1,95,0.111771912438814,0.139417697073854,0.07,0.00124473761410638,0.00433019914390651,1.94444444444e-05,0.0815736253281738,0.0813585281378233,0.07,0.000576684052833851,0.00306138294208916,1.94444444444e-05
9,49,250,436,564.189584,0.02,0,0.05,0,0,0,400000000,10,0.1,99,0.0698822532234609,0.0026806362940066,0.07,0.000261162861636974,0.000972840872041847,1.94444444444e-05,0.0657777195018153,0.0167077327749999,0.07,1.94444799379576e-05,1.40881198782866e-10,1.94444444444e-05
9,49,500,436,564.189584,0.02,0,0.05,0,0,0,400000000,10,0.1,89,0.0808765614859937,0.0723516088090369,0.07,0.000553691971354029,0.0032749033596264,1.94444444444e-05,0.0676553350260649,0.0126247721568091,0.07,1.94444600497854e-05,8.64910075792169e-11,1.94444444444e-05
9,64,250,320,564.189584,0.02,0,0.05,0,0,0,400000000,10,0.1,99,0.0784180534476077,0.0604216243682487,0.07,0.000133266728622292,0.000751427196248429,1.94444444444e-05,0.0679339194323234,0.0117487000220445,0.07,1.94444496632212e-05,3.64456985291733e-11,1.94444444444e-05
9,64,500,320,564.189584,0.02,0,0.05,0,0,0,400000000,10,0.1,79,0.0804998611918789,0.065570876684579,0.07,0.000171666189487251,0.00103979347541334,1.94444444444e-05,0.0683787414785289,0.0101540782436663,0.07,2.01515180625962e-05,6.28458752806707e-06,1.94444444444e-05
10,25,250,981,564.189584,0.02,0,0.05,0,0,0,400000000,10,0.1,99,0.0797204557321962,0.0686701986249684,0.07,0.00106684490639649,0.00448822445531945,1.94444444444e-05,0.0615538309451434,0.0228577871030018,0.07,1.94445252518828e-05,2.25640623255111e-10,1.94444444444e-05
10,25,500,981,564.189584,0.02,0,0.05,0,0,0,400000000,10,0.1,99,0.0757431756831057,0.0556190843237456,0.07,0.000652716507924305,0.0021739535008576,1.94444444444e-05,0.069796969087405,0.01284135178962,0.07,0.000444598380612024,0.0014036735664005,1.94444444444e-05
10,25,750,981,564.189584,0.02,0,0.05,0,0,0,400000000,10,0.1,18,0.0699364123580794,0.000269779516810264,0.07,0.000227693182434367,0.000883524568837476,1.94444444444e-05,0.0699364123580794,0.000269779516810264,0.07,0.000227693182434367,0.000883524568837476,1.94444444444e-05
10,36,250,628,564.189584,0.02,0,0.05,0,0,0,400000000,10,0.1,99,0.0897781598027804,0.0988322874216015,0.07,0.000639509081954809,0.00255271856515168,1.94444444444e-05,0.0645210468221763,0.0186033003889962,0.07,2.63555441169475e-05,6.87643292751935e-05,1.94444444444e-05
10,36,500,628,564.189584,0.02,0,0.05,0,0,0,400000000,10,0.1,95,0.0898068093785866,0.0959410174220137,0.07,0.000623905632949082,0.00243192160449486,1.94444444444e-05,0.0703404615686455,0.0295749430643273,0.07,0.000237329115371253,0.00103542356308133,1.94444444444e-05
10,49,250,436,564.189584,0.02,0,0.05,0,0,0,400000000,10,0.1,99,0.0819667922978966,0.0865950198569009,0.07,0.000297373170599656,0.00146902625383673,1.94444444444e-05,0.0659578887109229,0.0160717884139732,0.07,1.94444677046101e-05,1.04368518754578e-10,1.94444444444e-05
10,49,500,436,564.189584,0.02,0,0.05,0,0,0,400000000,10,0.1,89,0.080037918570993,0.0692404658807765,0.07,0.000528125672121846,0.00261359553086445,1.94444444444e-05,0.065313596550817,0.0175290224261347,0.07,1.94444731270798e-05,1.10272826284222e-10,1.94444444444e-05
10,64,250,320,564.189584,0.02,0,0.05,0,0,0,400000000,10,0.1,99,0.0917284328061616,0.107210110050251,0.07,0.000523135919376659,0.0023968168202411,1.94444444444e-05,0.0666215955582843,0.0147528439992818,0.07,2.40196498724889e-05,4.55226419567787e-05,1.94444444444e-05
10,64,500,320,564.189584,0.02,0,0.05,0,0,0,400000000,10,0.1,79,0.0821156307514076,0.0757680383138976,0.07,0.000325855343440677,0.00201721959101115,1.94444444444e-05,0.0691915078369234,0.00776144956593902,0.07,4.57904029143405e-05,0.000234167983582276,1.94444444444e-05
11,25,250,981,564.189584,0.02,0,0.05,0,0,0,400000000,10,0.1,99,0.107720585579408,0.138206776233938,0.07,0.00252108878820575,0.00796823070672219,1.94444444444e-05,0.0573446565249825,0.0269828597355594,0.07,1.94445497466697e-05,2.36382035720848e-10,1.94444444444e-05
11,25,500,981,564.189584,0.02,0,0.05,0,0,0,400000000,10,0.1,99,0.0963612197673578,0.11361904553557,0.07,0.00163166284659492,0.00500414103404716,1.94444444444e-05,0.0724704686445885,0.0465630692374045,0.07,0.000737906991248001,0.00233158883244588,1.94444444444e-05
11,25,750,981,564.189584,0.02,0,0.05,0,0,0,400000000,10,0.1,18,0.0693034638495519,0.0020494461024551,0.07,0.000267300745205122,0.000817199754720939,1.94444444444e-05,0.0693034638495519,0.0020494461024551,0.07,0.000267300745205122,0.000817199754720939,1.94444444444e-05
11,36,250,628,564.189584,0.02,0,0.05,0,0,0,400000000,10,0.1,99,0.0959141107529708,0.114269749337008,0.07,0.00100366398771872,0.0035684276378683,1.94444444444e-05,0.0629850460257803,0.0210342986188612,0.07,1.94444882431879e-05,1.44401335172707e-10,1.94444444444e-05
11,36,500,628,564.189584,0.02,0,0.05,0,0,0,400000000,10,0.1,95,0.100820428102032,0.121776907061733,0.07,0.00101476258744168,0.00363441495047701,1.94444444444e-05,0.0808719701459645,0.0729984470448125,0.07,0.000529286151436259,0.00235002090977684,1.94444444444e-05
11,49,250,436,564.189584,0.02,0,0.05,0,0,0,400000000,10,0.1,99,0.0741928998781536,0.045956099752579,0.07,0.000251157917557437,0.00107034200181502,1.94444444444e-05,0.0657909755274186,0.0166554221017747,0.07,1.94444693600404e-05,1.03301543260881e-10,1.94444444444e-05
11,49,500,436,564.189584,0.02,0,0.05,0,0,0,400000000,10,0.1,89,0.0909920332866098,0.0979993856987272,0.07,0.000904444083633493,0.00427898545364914,1.94444444444e-05,0.0661036702026269,0.0160609258348688,0.07,1.94444651995551e-05,9.08050001668383e-11,1.94444444444e-05
11,64,250,320,564.189584,0.02,0,0.05,0,0,0,400000000,10,0.1,99,0.0808013058064133,0.0769835160060167,0.07,0.000343801466810114,0.00168303745505423,1.94444444444e-05,0.0658179946078441,0.0165490654615904,0.07,2.00056313971192e-05,5.58358033526152e-06,1.94444444444e-05
11,64,500,320,564.189584,0.02,0,0.05,0,0,0,400000000,10,0.1,79,0.089286290174248,0.0978817094533218,0.07,0.000420567612623819,0.00214720663240766,1.94444444444e-05,0.0740835457608286,0.0526079597313309,0.07,8.1678675827919e-05,0.000421402245921514,1.94444444444e-05
12,25,250,981,564.189584,0.02,0,0.05,0,0,0,400000000,10,0.1,99,0.0813417722579429,0.0742824882229135,0.07,0.000926705737824309,0.00326862566735875,1.94444444444e-05,0.0610261770665421,0.0232582253184786,0.07,1.94445219971394e-05,2.20168073474094e-10,1.94444444444e-05
12,25,500,981,564.189584,0.02,0,0.05,0,0,0,400000000,10,0.1,99,0.0853985507183434,0.0838393489393831,0.07,0.00134403224062863,0.00439524307464086,1.94444444444e-05,0.069976113623676,0.0516840868937266,0.07,0.000531008029312369,0.00218035925310799,1.94444444444e-05
12,25,750,981,564.189584,0.02,0,0.05,0,0,0,400000000,10,0.1,18,0.07,2.85602516873777e-17,0.07,1.94444444444e-05,3.48635884855684e-21,1.94444444444e-05,0.07,2.85602516873777e-17,0.07,1.94444444444e-05,3.48635884855684e-21,1.94444444444e-05
12,36,250,628,564.189584,0.02,0,0.05,0,0,0,400000000,10,0.1,99,0.0948258214327389,0.10972595600265,0.07,0.000845589290690057,0.00309733079912994,1.94444444444e-05,0.0636928885938859,0.0200464823048382,0.07,1.94444780861303e-05,1.16348784595594e-10,1.94444444444e-05
12,36,500,628,564.189584,0.02,0,0.05,0,0,0,400000000,10,0.1,95,0.0903091058364945,0.0973791826738462,0.07,0.000866918991312154,0.00377847960670291,1.94444444444e-05,0.0834412584124666,0.0800903087287297,0.07,0.000628725407576987,0.002944534139394,1.94444444444e-05
12,49,250,436,564.189584,0.02,0,0.05,0,0,0,400000000,10,0.1,99,0.0757396128333154,0.0577571013087061,0.07,0.00035341103399911,0.00279105653924884,1.94444444444e-05,0.0678928625542866,0.0119804307450025,0.07,1.94444570705747e-05,7.18569787853389e-11,1.94444444444e-05
12,49,500,436,564.189584,0.02,0,0.05,0,0,0,400000000,10,0.1,89,0.0813571197709387,0.074849644573906,0.07,0.000407319229198106,0.00234178931172158,1.94444444444e-05,0.0661470525312205,0.0158889124312706,0.07,1.94444667288764e-05,1.0599158322015e-10,1.94444444444e-05
12,64,250,320,564.189584,0.02,0,0.05,0,0,0,400000000,10,0.1,99,0.0750112661075595,0.0512012708454201,0.07,0.000178071451564643,0.00111981469093587,1.94444444444e-05,0.0679731695944324,0.0115273986768242,0.07,2.24657039910677e-05,2.19934254252467e-05,1.94444444444e-05
12,64,500,320,564.189584,0.02,0,0.05,0,0,0,400000000,10,0.1,79,0.0833640324039618,0.0848266505613154,0.07,0.000333781948295309,0.00181851565370742,1.94444444444e-05,0.0703860098919983,0.0145905860106598,0.07,8.48847079766393e-05,0.000403187416141011,1.94444444444e-05
13,25,250,981,564.189584,0.02,0,0.05,0,0,0,400000000,10,0.1,99,0.0955958716774319,0.113655703908967,0.07,0.00111226098784587,0.00438922864959898,1.94444444444e-05,0.060929361939467,0.0234547576933627,0.07,1.94445095673869e-05,1.95289603243352e-10,1.94444444444e-05
13,25,500,981,564.189584,0.02,0,0.05,0,0,0,400000000,10,0.1,99,0.0888764648362353,0.0922808086667035,0.07,0.000978024582643071,0.00299484884907487,1.94444444444e-05,0.0752472632126947,0.0619444938944774,0.07,0.000563711488215548,0.00189543734753089,1.94444444444e-05
13,25,750,981,564.189584,0.02,0,0.05,0,0,0,400000000,10,0.1,18,0.0689102569551293,0.004623388180674,0.07,5.87963041666389e-05,0.000166955801171381,1.94444444444e-05,0.0689102569551293,0.004623388180674,0.07,5.87963041666389e-05,0.000166955801171381,1.94444444444e-05
13,36,250,628,564.189584,0.02,0,0.05,0,0,0,400000000,10,0.1,99,0.0851635216450379,0.0864352237919086,0.07,0.000474706952393022,0.00181559984695832,1.94444444444e-05,0.0651043987485952,0.0178389240713376,0.07,1.95847655721424e-05,1.39594097878271e-06,1.94444444444e-05
13,36,500,628,564.189584,0.02,0,0.05,0,0,0,400000000,10,0.1,95,0.0961336303037491,0.112517056826747,0.07,0.000907166034049921,0.00418520379299175,1.94444444444e-05,0.0904306186434143,0.101882101340504,0.07,0.000796784730913996,0.00405378212528968,1.94444444444e-05
13,49,250,436,564.189584,0.02,0,0.05,0,0,0,400000000,10,0.1,99,0.0748698958800728,0.0512345735047854,0.07,0.000185022319017741,0.00115078575402591,1.94444444444e-05,0.0678974710785133,0.0119543487175967,0.07,1.94444562568768e-05,7.27401721671789e-11,1.94444444444e-05
13,49,500,436,564.189584,0.02,0,0.05,0,0,0,400000000,10,0.1,89,0.0881552412647441,0.0978671756847225,0.07,0.000687066138699373,0.00389464632807455,1.94444444444e-05,0.0677334318259544,0.0122181849739538,0.07,2.06688650666753e-05,1.15510749878008e-05,1.94444444444e-05
13,64,250,320,564.189584,0.02,0,0.05,0,0,0,400000000,10,0.1,99,0.073605421861829,0.0370266253226479,0.07,0.000138920251198135,0.000765973324448943,1.94444444444e-05,0.0685344590095841,0.00976776418508297,0.07,4.38942345469253e-05,0.000241866182102041,1.94444444444e-05
13,64,500,320,564.189584,0.02,0,0.05,0,0,0,400000000,10,0.1,79,0.0697922170854537,0.00184681494108427,0.07,4.95330840712823e-05,0.000267433678756276,1.94444444444e-05,0.0697922170854537,0.00184681494108427,0.07,4.95330840712823e-05,0.000267433678756276,1.94444444444e-05
14,25,250,981,564.189584,0.02,0,0.05,0,0,0,400000000,10,0.1,99,0.0757700416024182,0.0548353551018188,0.07,0.000583866942625277,0.00207497578420118,1.94444444444e-05,0.0636695371132099,0.0201206388415101,0.07,1.94445024686778e-05,1.97062224840506e-10,1.94444444444e-05
14,25,500,981,564.189584,0.02,0,0.05,0,0,0,400000000,10,0.1,99,0.080330485029221,0.0737259401033396,0.07,0.000640724158305493,0.00241192227768063,1.94444444444e-05,0.0660086811164205,0.0152482096190447,0.07,0.000163891364379864,0.000731360566694715,1.94444444444e-05
14,25,750,981,564.189584,0.02,0,0.05,0,0,0,400000000,10,0.1,18,0.0909589515737605,0.0889213007061988,0.07,0.000225429534719567,0.000873920724941361,1.94444444444e-05,0.0909589515737605,0.0889213007061988,0.07,0.000225429534719567,0.000873920724941361,1.94444444444e-05
14,36,250,628,564.189584,0.02,0,0.05,0,0,0,400000000,10,0.1,99,0.0948105066911531,0.109397477336201,0.07,0.000785705708193484,0.00311451577174967,1.94444444444e-05,0.0644028207879331,0.0189739642046044,0.07,1.94444723061465e-05,1.0553420114922e-10,1.94444444444e-05
14,36,500,628,564.189584,0.02,0,0.05,0,0,0,400000000,10,0.1,95,0.0750380327088182,0.0501158596646557,0.07,0.000412275080476917,0.00207001279691771,1.94444444444e-05,0.0698888017354306,0.00163887127959402,0.07,0.000240634048030663,0.000878936137617896,1.94444444444e-05
14,49,250,436,564.189584,0.02,0,0.05,0,0,0,400000000,10,0.1,99,0.075167266598189,0.0520986237632279,0.07,0.000324169255205778,0.00150231871914236,1.94444444444e-05,0.0657863530111535,0.0166736313468482,0.07,1.94444717730414e-05,1.11880498467494e-10,1.94444444444e-05
14,49,500,436,564.189584,0.02,0,0.05,0,0,0,400000000,10,0.1,89,0.0754462093973455,0.0537454898564691,0.07,0.000298799773237269,0.00178310300294593,1.94444444444e-05,0.0668758979482523,0.0144830168411283,0.07,1.94444631396483e-05,8.8546068572398e-11,1.94444444444e-05
14,64,250,320,564.189584,0.02,0,0.05,0,0,0,400000000,10,0.1,99,0.0843232085812621,0.0817322042364472,0.07,0.000374539415637255,0.00185781993544568,1.94444444444e-05,0.0665327152965168,0.0151119915018952,0.07,1.98710471119343e-05,4.24453831779411e-06,1.94444444444e-05
14,64,500,320,564.189584,0.02,0,0.05,0,0,0,400000000,10,0.1,79,0.0698832566638913,0.000790975725763285,0.07,8.88202503823393e-05,0.000433275025867331,1.94444444444e-05,0.0683217055504174,0.0104929236563135,0.07,2.2960629465419e-05,3.12524889113278e-05,1.94444444444e-05
15,25,250,981,564.189584,0.02,0,0.05,0,0,0,400000000,10,0.1,99,0.0982863193594944,0.123775041127844,0.07,0.00179914210988828,0.00742039456098151,1.94444444444e-05,0.0636768437725105,0.0200977395092754,0.07,1.94444996067364e-05,1.85373454982464e-10,1.94444444444e-05
15,25,500,981,564.189584,0.02,0,0.05,0,0,0,400000000,10,0.1,99,0.0806573528884628,0.0720530291491809,0.07,0.000978580765466027,0.00427225874890302,1.94444444444e-05,0.069761107444085,0.0222026682038266,0.07,0.000393225474245341,0.00137319807491022,1.94444444444e-05
15,25,750,981,564.189584,0.02,0,0.05,0,0,0,400000000,10,0.1,18,0.0944398610395382,0.103689548833886,0.07,0.00126168155550068,0.00527036571041688,1.94444444444e-05,0.0944398610395382,0.103689548833886,0.07,0.00126168155550068,0.00527036571041688,1.94444444444e-05
15,36,250,628,564.189584,0.02,0,0.05,0,0,0,400000000,10,0.1,99,0.0890370662414363,0.0955768223122261,0.07,0.000518601283952066,0.00200511199805393,1.94444444444e-05,0.0651380101116597,0.0177174821066245,0.07,2.16612713981555e-05,2.20569770938191e-05,1.94444444444e-05
15,36,500,628,564.189584,0.02,0,0.05,0,0,0,400000000,10,0.1,95,0.0815581141951446,0.0785618343303686,0.07,0.000399536169745041,0.00168646032132085,1.94444444444e-05,0.0690414396978486,0.00743196657621424,0.07,0.000200696468571656,0.000856385777943444,1.94444444444e-05
15,49,250,436,564.189584,0.02,0,0.05,0,0,0,400000000,10,0.1,99,0.0845763956882327,0.0832165813345576,0.07,0.00085291195857398,0.00435732750139671,1.94444444444e-05,0.0650854188199734,0.0179076926675775,0.07,1.94444778055475e-05,1.28790436638519e-10,1.94444444444e-05
15,49,500,436,564.189584,0.02,0,0.05,0,0,0,400000000,10,0.1,89,0.0798800103510436,0.0673976588394911,0.07,0.000474442287022912,0.0031426436391241,1.94444444444e-05,0.0668850114471287,0.0144411375811223,0.07,1.94444620784775e-05,8.85731112647973e-11,1.94444444444e-05
15,64,250,320,564.189584,0.02,0,0.05,0,0,0,400000000,10,0.1,99,0.0886779377298433,0.0932202223814863,0.07,0.000332822302247825,0.00123839903384988,1.94444444444e-05,0.0655771923423261,0.0162888830204963,0.07,3.81376992869717e-05,0.000133610817400863,1.94444444444e-05
15,64,500,320,564.189584,0.02,0,0.05,0,0,0,400000000,10,0.1,79,0.0844431828543743,0.0917642534063746,0.07,0.000407166529689516,0.00273926581898628,1.94444444444e-05,0.0750410617722106,0.0541893905296898,0.07,0.000351023267274032,0.00270449062517455,1.94444444444e-05
16,25,250,981,564.189584,0.02,0,0.05,0,0,0,400000000,10,0.1,99,0.101561220948085,0.12428815777566,0.07,0.0015609881853803,0.00589367684279948,1.94444444444e-05,0.0622797749157447,0.0219474861906831,0.07,1.94445013744081e-05,1.80732252102119e-10,1.94444444444e-05
16,25,500,981,564.189584,0.02,0,0.05,0,0,0,400000000,10,0.1,99,0.0850942437996051,0.0862715656647468,0.07,0.000660443977661115,0.00252050212516781,1.94444444444e-05,0.073870900671461,0.0549553526733669,0.07,0.000344551848500704,0.00156700317769399,1.94444444444e-05
16,25,750,981,564.189584,0.02,0,0.05,0,0,0,400000000,10,0.1,18,0.07,2.85602516873777e-17,0.07,1.94444444444e-05,3.48635884855684e-21,1.94444444444e-05,0.07,2.85602516873777e-17,0.07,1.94444444444e-05,3.48635884855684e-21,1.94444444444e-05
16,36,250,628,564.189584,0.02,0,0.05,0,0,0,400000000,10,0.1,99,0.0898494930078139,0.0991127077205438,0.07,0.000540673496972295,0.00213106357883996,1.94444444444e-05,0.0651148832626991,0.0178006448794256,0.07,1.98653473622727e-05,4.18773655981119e-06,1.94444444444e-05
16,36,500,628,564.189584,0.02,0,0.05,0,0,0,400000000,10,0.1,95,0.0753715929347214,0.0522554666655042,0.07,0.000361724191707558,0.00146685471752157,1.94444444444e-05,0.0721884566965195,0.0259669022025806,0.07,0.000285088003181475,0.00108699598237688,1.94444444444e-05
16,49,250,436,564.189584,0.02,0,0.05,0,0,0,400000000,10,0.1,99,0.084311755588884,0.0831799872544212,0.07,0.00052950324806715,0.00261264321373633,1.94444444444e-05,0.06649493666713,0.0152750412479492,0.07,1.9444464225402e-05,9.46363700074182e-11,1.94444444444e-05
16,49,500,436,564.189584,0.02,0,0.05,0,0,0,400000000,10,0.1,89,0.0880303813370699,0.0993030423799433,0.07,0.000507767353497274,0.00242169221068485,1.94444444444e-05,0.0661151347729627,0.0160136909797786,0.07,1.9444459924936e-05,7.02459690924848e-11,1.94444444444e-05
16,64,250,320,564.189584,0.02,0,0.05,0,0,0,400000000,10,0.1,99,0.0821773992044115,0.0867280780881825,0.07,0.000207508202067654,0.000860475146094033,1.94444444444e-05,0.0665544672037867,0.0150178098255572,0.07,2.02862104936808e-05,7.10371978731986e-06,1.94444444444e-05
16,64,500,320,564.189584,0.02,0,0.05,0,0,0,400000000,10,0.1,79,0.0779281697302557,0.0719469375092883,0.07,0.000140884942599172,0.000564406209380933,1.94444444444e-05,0.0779241126059454,0.0719471469706322,0.07,0.000140709133879061,0.000563434595463172,1.94444444444e-05
17,25,250,981,564.189584,0.02,0,0.05,0,0,0,400000000,10,0.1,99,0.0934150982505721,0.10226502648383,0.07,0.00161632795142832,0.00663583074346004,1.94444444444e-05,0.0636701309683913,0.0201187166567273,0.07,1.94444971656707e-05,1.74864116882857e-10,1.94444444444e-05
17,25,500,981,564.189584,0.02,0,0.05,0,0,0,400000000,10,0.1,99,0.0916352214375837,0.106296932642213,0.07,0.00130874662736938,0.00520816354126349,1.94444444444e-05,0.0667983274975703,0.0140591096312265,0.07,0.000257061718645493,0.00119628467922958,1.94444444444e-05
17,25,750,981,564.189584,0.02,0,0.05,0,0,0,400000000,10,0.1,18,0.07,2.85602516873777e-17,0.07,1.94444444444e-05,3.48635884855684e-21,1.94444444444e-05,0.07,2.85602516873777e-17,0.07,1.94444444444e-05,3.48635884855684e-21,1.94444444444e-05
17,36,250,628,564.189584,0.02,0,0.05,0,0,0,400000000,10,0.1,99,0.0849572120386137,0.0841801368637134,0.07,0.000681610347142511,0.00358073551530147,1.94444444444e-05,0.0664918320768311,0.0152885221196694,0.07,1.94444644218e-05,9.04717219723822e-11,1.94444444444e-05
17,36,500,628,564.189584,0.02,0,0.05,0,0,0,400000000,10,0.1,95,0.0964119507933523,0.113704740508831,0.07,0.00103423997244985,0.00434620501918882,1.94444444444e-05,0.0806553146382359,0.0738507373806023,0.07,0.000651444679645264,0.00360707279354135,1.94444444444e-05
17,49,250,436,564.189584,0.02,0,0.05,0,0,0,400000000,10,0.1,99,0.0795279905699746,0.0684865244298045,0.07,0.000548186097081454,0.00314733377786859,1.94444444444e-05,0.0664868212105274,0.0153103163892959,0.07,1.94444676204364e-05,1.02954720961612e-10,1.94444444444e-05
17,49,500,436,564.189584,0.02,0,0.05,0,0,0,400000000,10,0.1,89,0.0757491156378029,0.0562352411620091,0.07,0.000372400974295059,0.0022915780692015,1.94444444444e-05,0.0668724649660692,0.0144989236214162,0.07,1.94444667288809e-05,1.06317058175432e-10,1.94444444444e-05
17,64,250,320,564.189584,0.02,0,0.05,0,0,0,400000000,10,0.1,99,0.0892788382783627,0.0960243320324777,0.07,0.000504542022274604,0.00240096825073451,1.94444444444e-05,0.0665118023062757,0.0152015496650364,0.07,1.94444557237828e-05,5.12973930592555e-11,1.94444444444e-05
17,64,500,320,564.189584,0.02,0,0.05,0,0,0,400000000,10,0.1,79,0.0952049137513744,0.111067067930094,0.07,0.000475645357377849,0.00215876850463354,1.94444444444e-05,0.0698753498678115,0.015017317792845,0.07,8.6675576560595e-05,0.000429314911288258,1.94444444444e-05
18,25,250,981,564.189584,0.02,0,0.05,0,0,0,400000000,10,0.1,99,0.101782385694459,0.125955659266642,0.07,0.00178357767324137,0.00579218215277826,1.94444444444e-05,0.0587564770408014,0.0257388921499034,0.07,1.9444538860103e-05,2.34868813958818e-10,1.94444444444e-05
18,25,500,981,564.189584,0.02,0,0.05,0,0,0,400000000,10,0.1,99,0.0853899411503004,0.0889165369179594,0.07,0.00128531247858883,0.00435931430154146,1.94444444444e-05,0.0706830712950691,0.0556085320108269,0.07,0.000545580301704144,0.0018407524729761,1.94444444444e-05
18,25,750,981,564.189584,0.02,0,0.05,0,0,0,400000000,10,0.1,18,0.10154930516975,0.133852365763522,0.07,0.000490873451646,0.00200010388704176,1.94444444444e-05,0.10154930516975,0.133852365763522,0.07,0.000490873451646,0.00200010388704176,1.94444444444e-05
18,36,250,628,564.189584,0.02,0,0.05,0,0,0,400000000,10,0.1,99,0.110540228504777,0.137819176889064,0.07,0.00129292863236273,0.00460683471626629,1.94444444444e-05,0.0616332505099961,0.0226449229488197,0.07,1.94444841466879e-05,1.28869734271873e-10,1.94444444444e-05
18,36,500,628,564.189584,0.02,0,0.05,0,0,0,400000000,10,0.1,95,0.0968859748627386,0.115556025489567,0.07,0.00109517381190796,0.00418178863923999,1.94444444444e-05,0.0854247131731974,0.0906246084449169,0.07,0.000753698977388007,0.00331563445001596,1.94444444444e-05
18,49,250,436,564.189584,0.02,0,0.05,0,0,0,400000000,10,0.1,99,0.0793298373261552,0.0671189671148686,0.07,0.000437544263152936,0.00274839391344899,1.94444444444e-05,0.0671942143779556,0.0137433432256457,0.07,1.94444597922101e-05,7.81431433099308e-11,1.94444444444e-05
18,49,500,436,564.189584,0.02,0,0.05,0,0,0,400000000,10,0.1,89,0.0746895728408712,0.0475609014782942,0.07,0.000234963249326411,0.0015351418306687,1.94444444444e-05,0.0676580457784753,0.0126101919716113,0.07,1.94444579898629e-05,7.59668275492927e-11,1.94444444444e-05
18,64,250,320,564.189584,0.02,0,0.05,0,0,0,400000000,10,0.1,99,0.0742643629685506,0.0435003999891332,0.07,0.000215647589331821,0.00174890517795149,1.94444444444e-05,0.0685969999748464,0.00982048904171965,0.07,1.94444515150576e-05,4.95063419767512e-11,1.94444444444e-05
18,64,500,320,564.189584,0.02,0,0.05,0,0,0,400000000,10,0.1,79,0.0696193810217633,0.00240563740520179,0.07,7.81412828557367e-05,0.000367260345749251,1.94444444444e-05,0.0687469517427548,0.00811034998979107,0.07,4.07329646073279e-05,0.000159394571426555,1.94444444444e-05
19,25,250,981,564.189584,0.02,0,0.05,0,0,0,400000000,10,0.1,99,0.0803010621504947,0.0712793623134883,0.07,0.000774582708241745,0.00254459655473167,1.94444444444e-05,0.0622655007237093,0.021987995697175,0.07,1.94445154034939e-05,2.1620870962345e-10,1.94444444444e-05
19,25,500,981,564.189584,0.02,0,0.05,0,0,0,400000000,10,0.1,99,0.082096989657106,0.0837984176255303,0.07,0.0011834249744768,0.00486599595587538,1.94444444444e-05,0.0658688562926313,0.0154563872606377,0.07,0.00032556214995525,0.00112542456338261,1.94444444444e-05
19,25,750,981,564.189584,0.02,0,0.05,0,0,0,400000000,10,0.1,18,0.101970302412498,0.135904350633472,0.07,0.00207769180859952,0.00600254640508036,1.94444444444e-05,0.101970302412498,0.135904350633472,0.07,0.00207769180859952,0.00600254640508036,1.94444444444e-05
19,36,250,628,564.189584,0.02,0,0.05,0,0,0,400000000,10,0.1,99,0.0955507152149794,0.113518482674764,0.07,0.000931219073648723,0.00330478670225038,1.94444444444e-05,0.0629866804254476,0.0210293332515596,0.07,1.94444843150455e-05,1.28475130614458e-10,1.94444444444e-05
19,36,500,628,564.189584,0.02,0,0.05,0,0,0,400000000,10,0.1,95,0.0936010646057719,0.115416615922785,0.07,0.000784654054463737,0.00335751333671042,1.94444444444e-05,0.0742892455680262,0.0576142267544348,0.07,0.000387375484360167,0.00204944186777525,1.94444444444e-05
19,49,250,436,564.189584,0.02,0,0.05,0,0,0,400000000,10,0.1,99,0.0742908183001194,0.0450655364295975,0.07,0.00038339077753348,0.00222254164621145,1.94444444444e-05,0.0657843556153347,0.0166814774360634,0.07,1.94444713241131e-05,1.07141214643966e-10,1.94444444444e-05
19,49,500,436,564.189584,0.02,0,0.05,0,0,0,400000000,10,0.1,89,0.0754599802897087,0.0548286999234414,0.07,0.000493103190175204,0.00318096242289782,1.94444444444e-05,0.066731111531971,0.0145304192230404,0.07,5.88481494324023e-05,0.000371733604214262,1.94444444444e-05
19,64,250,320,564.189584,0.02,0,0.05,0,0,0,400000000,10,0.1,99,0.0751865540704657,0.0510145282234322,0.07,0.000234896802471614,0.00147099375482789,1.94444444444e-05,0.0672009442969015,0.0137103588941053,0.07,1.95847489336475e-05,1.39592123096021e-06,1.94444444444e-05
19,64,500,320,564.189584,0.02,0,0.05,0,0,0,400000000,10,0.1,79,0.0860055189225142,0.0994468002222353,0.07,0.000380843238331261,0.00206786164020481,1.94444444444e-05,0.0769763459212687,0.0670335339538207,0.07,0.000237557567467399,0.00161960232784788,1.94444444444e-05
20,25,250,981,564.189584,0.02,0,0.05,0,0,0,400000000,10,0.1,99,0.084951088902337,0.086997674146148,0.07,0.00106577080497109,0.00398035657422375,1.94444444444e-05,0.0615940056944962,0.0227513235409589,0.07,1.94445111667071e-05,2.00964649987485e-10,1.94444444444e-05
20,25,500,981,564.189584,0.02,0,0.05,0,0,0,400000000,10,0.1,99,0.0847184932196669,0.083881703857112,0.07,0.00108283556835533,0.00425050785740605,1.94444444444e-05,0.0688750815387116,0.0174254375993131,0.07,0.000369886105154823,0.00130175386976736,1.94444444444e-05
20,25,750,981,564.189584,0.02,0,0.05,0,0,0,400000000,10,0.1,18,0.0996377778864846,0.127503234185618,0.07,0.00124315952480046,0.00401697828403785,1.94444444444e-05,0.0996377778864846,0.127503234185618,0.07,0.00124315952480046,0.00401697828403785,1.94444444444e-05
20,36,250,628,564.189584,0.02,0,0.05,0,0,0,400000000,10,0.1,99,0.0902420591507617,0.099729061036005,0.07,0.000646980221863568,0.00268330138032885,1.94444444444e-05,0.0644101989399316,0.0189497104743419,0.07,1.94444748033263e-05,1.16386922767961e-10,1.94444444444e-05
20,36,500,628,564.189584,0.02,0,0.05,0,0,0,400000000,10,0.1,95,0.0761145209789326,0.0625535382706249,0.07,0.00029166933204209,0.0011374859711121,1.94444444444e-05,0.0761145209789326,0.0625535382706249,0.07,0.00029166933204209,0.0011374859711121,1.94444444444e-05
20,49,250,436,564.189584,0.02,0,0.05,0,0,0,400000000,10,0.1,99,0.0747104261503649,0.0475203310147661,0.07,0.000261374766096309,0.00184493473067657,1.94444444444e-05,0.067893385690166,0.0119774632144013,0.07,1.94444568741596e-05,7.1425097635025e-11,1.94444444444e-05
20,49,500,436,564.189584,0.02,0,0.05,0,0,0,400000000,10,0.1,89,0.0696236947284793,0.0020035557766262,0.07,0.000136554605372434,0.000551314906888575,1.94444444444e-05,0.0668747844019279,0.0144881594695248,0.07,1.9444463358118e-05,8.82138016814831e-11,1.94444444444e-05
20,64,250,320,564.189584,0.02,0,0.05,0,0,0,400000000,10,0.1,99,0.0750251811999668,0.0537838351202869,0.07,0.000219228362251349,0.00160476660099549,1.94444444444e-05,0.0679034176525497,0.0119205257515812,0.07,1.97250385520687e-05,2.79181040938588e-06,1.94444444444e-05
20,64,500,320,564.189584,0.02,0,0.05,0,0,0,400000000,10,0.1,79,0.0696802803945761,0.00176326797155613,0.07,0.000100764362137232,0.000417526550172063,1.94444444444e-05,0.0689546788903005,0.00768070347680967,0.07,7.93066964194392e-05,0.000369721268891869,1.94444444444e-05
21,25,250,981,564.189584,0.02,0,0.05,0,0,0,400000000,10,0.1,99,0.0903570177566004,0.101031494514644,0.07,0.00136933181614127,0.00597759596784774,1.94444444444e-05,0.0609890209868355,0.0233109496313991,0.07,1.94445126818394e-05,1.99709442879477e-10,1.94444444444e-05
21,25,500,981,564.189584,0.02,0,0.05,0,0,0,400000000,10,0.1,99,0.078498571733796,0.0595980778567301,0.07,0.00074025171134061,0.00211980806034113,1.94444444444e-05,0.0675411679492095,0.0116438580473457,0.07,0.000505395015942546,0.00149368646982608,1.94444444444e-05
21,25,750,981,564.189584,0.02,0,0.05,0,0,0,400000000,10,0.1,18,0.0688428300190346,0.00458230807457992,0.07,0.000309627543895722,0.00110950126918203,1.94444444444e-05,0.0688428300190346,0.00458230807457992,0.07,0.000309627543895722,0.00110950126918203,1.94444444444e-05
21,36,250,628,564.189584,0.02,0,0.05,0,0,0,400000000,10,0.1,99,0.0982789161284176,0.11353800011084,0.07,0.000916134612829398,0.00364764826231705,1.94444444444e-05,0.062343497246655,0.0217701353849076,0.07,1.94444861107525e-05,1.41826681012266e-10,1.94444444444e-05
21,36,500,628,564.189584,0.02,0,0.05,0,0,0,400000000,10,0.1,95,0.0972965456461344,0.117783575344019,0.07,0.000793656727314349,0.00269014755628691,1.94444444444e-05,0.0904351781806217,0.10576745785405,0.07,0.000651964573251913,0.00242928970269808,1.94444444444e-05
21,49,250,436,564.189584,0.02,0,0.05,0,0,0,400000000,10,0.1,99,0.0721782366772051,0.0223725540643063,0.07,0.000327993644586143,0.00108302924612607,1.94444444444e-05,0.0637857286149749,0.0197804670365092,0.07,1.94444881028808e-05,1.53038215558272e-10,1.94444444444e-05
21,49,500,436,564.189584,0.02,0,0.05,0,0,0,400000000,10,0.1,89,0.0790544502267696,0.056157528405205,0.07,0.000381736704474076,0.00182885060474425,1.94444444444e-05,0.0681300457645133,0.0380728230683047,0.07,0.000161198846612301,0.00133730810231846,1.94444444444e-05
21,64,250,320,564.189584,0.02,0,0.05,0,0,0,400000000,10,0.1,99,0.0909696309281849,0.104377184252981,0.07,0.000423589165891626,0.00163292480429801,1.94444444444e-05,0.0656484959037831,0.0165447130386503,0.07,5.37933994521232e-05,0.000341767653706961,1.94444444444e-05
21,64,500,320,564.189584,0.02,0,0.05,0,0,0,400000000,10,0.1,79,0.0739355909904916,0.0389374006621274,0.07,0.000226485044670357,0.000888424389689918,1.94444444444e-05,0.0697381911992812,0.00914209596928244,0.07,0.000152280280893139,0.000565817870977507,1.94444444444e-05
22,25,250,981,564.189584,0.02,0,0.05,0,0,0,400000000,10,0.1,99,0.0749334093491609,0.0506890351420141,0.07,0.000781252550331459,0.00185588370873077,1.94444444444e-05,0.0594550803265721,0.0250812746677855,0.07,1.97427059901697e-05,2.96671985815649e-06,1.94444444444e-05
22,25,500,981,564.189584,0.02,0,0.05,0,0,0,400000000,10,0.1,99,0.0938394350279458,0.103320194445531,0.07,0.00205382046660006,0.00703480144232711,1.94444444444e-05,0.0684599407164726,0.0495864379594679,0.07,0.000461190055374723,0.00201263235294443,1.94444444444e-05
22,25,750,981,564.189584,0.02,0,0.05,0,0,0,400000000,10,0.1,18,0.0698547713559729,0.000616152954084491,0.07,0.00029185937653045,0.00115575867464711,1.94444444444e-05,0.0698547713559729,0.000616152954084491,0.07,0.00029185937653045,0.00115575867464711,1.94444444444e-05
22,36,250,628,564.189584,0.02,0,0.05,0,0,0,400000000,10,0.1,99,0.107792976509779,0.129873768967677,0.07,0.00127130353235852,0.00365795897122937,1.94444444444e-05,0.0601946679790875,0.0242837875691764,0.07,1.95847888884566e-05,1.39595130444126e-06,1.94444444444e-05
22,36,500,628,564.189584,0.02,0,0.05,0,0,0,400000000,10,0.1,95,0.107668364713022,0.135988243280978,0.07,0.00125729390338471,0.00416833267281484,1.94444444444e-05,0.0879373436806353,0.0980320814953815,0.07,0.000776091957092374,0.00319234465416406,1.94444444444e-05
22,49,250,436,564.189584,0.02,0,0.05,0,0,0,400000000,10,0.1,99,0.0738112197556675,0.0431081854662953,0.07,0.000262387994673929,0.000948114729564629,1.94444444444e-05,0.0650903390688547,0.0178899006635098,0.07,1.94444745788576e-05,1.1494115839045e-10,1.94444444444e-05
22,49,500,436,564.189584,0.02,0,0.05,0,0,0,400000000,10,0.1,89,0.0739792044247039,0.0377700137065368,0.07,0.000253680350166025,0.000911068256821887,1.94444444444e-05,0.0653314462220779,0.0174633231332387,0.07,1.94444731270854e-05,1.18024811763333e-10,1.94444444444e-05
22,64,250,320,564.189584,0.02,0,0.05,0,0,0,400000000,10,0.1,99,0.0791282602873126,0.0665539279686154,0.07,0.000237724704060034,0.00110460941382857,1.94444444444e-05,0.0665640309328765,0.01497907676224,0.07,2.2025828535202e-05,2.43143169812409e-05,1.94444444444e-05
22,64,500,320,564.189584,0.02,0,0.05,0,0,0,400000000,10,0.1,79,0.0918194676621435,0.111941925023965,0.07,0.000421569318716145,0.00181530390610278,1.94444444444e-05,0.0663484195901922,0.0151921436193612,0.07,5.51763560445038e-05,0.000317592094906604,1.94444444444e-05
23,25,250,981,564.189584,0.02,0,0.05,0,0,0,400000000,10,0.1,99,0.0949510544379922,0.109346856739368,0.07,0.00222097013444526,0.00717225261508948,1.94444444444e-05,0.0573356982191407,0.0270018734141769,0.07,1.94445624289414e-05,2.65283577942692e-10,1.94444444444e-05
23,25,500,981,564.189584,0.02,0,0.05,0,0,0,400000000,10,0.1,99,0.0697689626431332,0.00265782314490759,0.07,0.000777135330208714,0.00181804470216277,1.94444444444e-05,0.0653798869658395,0.0157453557973276,0.07,0.000484724192325326,0.0013738312951202,1.94444444444e-05
23,25,750,981,564.189584,0.02,0,0.05,0,0,0,400000000,10,0.1,18,0.0699301993310919,0.00114156403999752,0.07,0.000611059176932056,0.00174307703751338,1.94444444444e-05,0.0699301993310919,0.00114156403999752,0.07,0.000611059176932056,0.00174307703751338,1.94444444444e-05
23,36,250,628,564.189584,0.02,0,0.05,0,0,0,400000000,10,0.1,99,0.119731298088308,0.150696750211015,0.07,0.00149916714201722,0.0048107491613134,1.94444444444e-05,0.0623157333200989,0.0218452485896657,0.07,1.94444745508111e-05,9.45676763824783e-11,1.94444444444e-05
23,36,500,628,564.189584,0.02,0,0.05,0,0,0,400000000,10,0.1,95,0.0990327432505516,0.116880882963625,0.07,0.000923413588578031,0.00354466413698326,1.94444444444e-05,0.0727719467266706,0.0534175580102694,0.07,0.000455135036884291,0.00259061719181509,1.94444444444e-05
23,49,250,436,564.189584,0.02,0,0.05,0,0,0,400000000,10,0.1,99,0.085917565009376,0.0838413933602904,0.07,0.000577092870718181,0.00322999742084777,1.94444444444e-05,0.0644656003923503,0.0187686895818667,0.07,1.94444699773353e-05,1.05078381096099e-10,1.94444444444e-05
23,49,500,436,564.189584,0.02,0,0.05,0,0,0,400000000,10,0.1,89,0.0697588711709298,0.00133290644890748,0.07,0.000142081633885858,0.000568629059443378,1.94444444444e-05,0.0668744958697733,0.0144894948510985,0.07,1.94444634829629e-05,8.8409079820642e-11,1.94444444444e-05
23,64,250,320,564.189584,0.02,0,0.05,0,0,0,400000000,10,0.1,99,0.0896093169341601,0.0961365470857068,0.07,0.000275704494080905,0.00139914364457805,1.94444444444e-05,0.067312924076505,0.013183692661304,0.07,1.94444489898222e-05,2.49728921903123e-11,1.94444444444e-05
23,64,500,320,564.189584,0.02,0,0.05,0,0,0,400000000,10,0.1,79,0.0756018240775728,0.0520298484580712,0.07,0.000177102233136904,0.00136075057792729,1.94444444444e-05,0.0688809420099354,0.00804889138408379,0.07,2.40154749296076e-05,4.06281820011807e-05,1.94444444444e-05
24,25,250,981,564.189584,0.02,0,0.05,0,0,0,400000000,10,0.1,99,0.0956250383942109,0.112643505134809,0.07,0.00137975273407779,0.00505002532444452,1.94444444444e-05,0.0608829217886059,0.0235701087129973,0.07,1.94445198366687e-05,2.15870359405478e-10,1.94444444444e-05
24,25,500,981,564.189584,0.02,0,0.05,0,0,0,400000000,10,0.1,99,0.0996290292990573,0.118142884686653,0.07,0.00173072348696039,0.00567616113791161,1.94444444444e-05,0.073334311781456,0.0664337103424445,0.07,0.000574636100662127,0.00224325763999365,1.94444444444e-05
24,25,750,981,564.189584,0.02,0,0.05,0,0,0,400000000,10,0.1,18,0.125090692669907,0.162680515867083,0.07,0.00234283479635389,0.00613140637418278,1.94444444444e-05,0.125090692669907,0.162680515867083,0.07,0.00234283479635389,0.00613140637418278,1.94444444444e-05
24,36,250,628,564.189584,0.02,0,0.05,0,0,0,400000000,10,0.1,99,0.0987084974107022,0.1154632676793,0.07,0.00103358202364242,0.00377956217002122,1.94444444444e-05,0.0637304381888631,0.0199297039478117,0.07,2.09077729657333e-05,1.45596190846776e-05,1.94444444444e-05
24,36,500,628,564.189584,0.02,0,0.05,0,0,0,400000000,10,0.1,95,0.104602971321071,0.124644662157278,0.07,0.00122871124231832,0.00426012844097722,1.94444444444e-05,0.0753135300507903,0.0642438258604249,0.07,0.000571486962662418,0.00304805010989519,1.94444444444e-05
24,49,250,436,564.189584,0.02,0,0.05,0,0,0,400000000,10,0.1,99,0.0862770224201403,0.0916886109259728,0.07,0.000381409435708075,0.0016291565889585,1.94444444444e-05,0.0645055346126373,0.0186410914753865,0.07,1.94444673679131e-05,9.53219704656544e-11,1.94444444444e-05
24,49,500,436,564.189584,0.02,0,0.05,0,0,0,400000000,10,0.1,89,0.0809278400483745,0.0739692776941775,0.07,0.000396035344176116,0.00173891013892547,1.94444444444e-05,0.0645716427391316,0.0186879580843951,0.07,1.94444753430539e-05,1.17085057524236e-10,1.94444444444e-05
24,64,250,320,564.189584,0.02,0,0.05,0,0,0,400000000,10,0.1,99,0.085260547894329,0.0884869934793363,0.07,0.000500067823858107,0.00246847670832644,1.94444444444e-05,0.0669461580590044,0.0137565709387999,0.07,6.79469877885324e-05,0.000351741363691241,1.94444444444e-05
24,64,500,320,564.189584,0.02,0,0.05,0,0,0,400000000,10,0.1,79,0.0880857517363639,0.0930702696479426,0.07,0.000474318898930209,0.00224767359572545,1.94444444444e-05,0.0672517088245275,0.0129157846318933,0.07,9.62630565063025e-05,0.000473438268212851,1.94444444444e-05
25,25,250,981,564.189584,0.02,0,0.05,0,0,0,400000000,10,0.1,99,0.0796271534289579,0.0663936104559736,0.07,0.000848902367021112,0.00319050010431127,1.94444444444e-05,0.0622638972556416,0.0219925789890552,0.07,1.94445167783182e-05,2.15029775085477e-10,1.94444444444e-05
25,25,500,981,564.189584,0.02,0,0.05,0,0,0,400000000,10,0.1,99,0.0700852968196488,0.00292793831624174,0.07,0.000595680004054159,0.00173517237325708,1.94444444444e-05,0.0677283814361839,0.0100248652282522,0.07,0.000434372401014458,0.00139053832467787,1.94444444444e-05
25,25,750,981,564.189584,0.02,0,0.05,0,0,0,400000000,10,0.1,18,0.0694020283741516,0.00175869055648343,0.07,0.000527477566828967,0.0014904075420534,1.94444444444e-05,0.0694020283741516,0.00175869055648343,0.07,0.000527477566828967,0.0014904075420534,1.94444444444e-05
25,36,250,628,564.189584,0.02,0,0.05,0,0,0,400000000,10,0.1,99,0.0954044382308627,0.111619448324148,0.07,0.000946282242568083,0.00397737094212256,1.94444444444e-05,0.0651189403146927,0.0177868748470411,0.07,1.94444648987909e-05,8.08432139338315e-11,1.94444444444e-05
25,36,500,628,564.189584,0.02,0,0.05,0,0,0,400000000,10,0.1,95,0.0927453827945787,0.110479030727071,0.07,0.000767706164659849,0.00328562648577399,1.94444444444e-05,0.0736088166786165,0.0602024835977545,0.07,0.000196462726634378,0.000930783303064088,1.94444444444e-05
25,49,250,436,564.189584,0.02,0,0.05,0,0,0,400000000,10,0.1,99,0.0699426773425285,0.00168363073741288,0.07,0.000123113129459992,0.00060228017220439,1.94444444444e-05,0.0678906860186658,0.0119928074668302,0.07,1.94444595396869e-05,8.6331602870127e-11,1.94444444444e-05
25,49,500,436,564.189584,0.02,0,0.05,0,0,0,400000000,10,0.1,89,0.0697018176295171,0.00198549266897764,0.07,7.93100851446483e-05,0.000399241931086751,1.94444444444e-05,0.0684362828383454,0.0103718577486563,0.07,1.94444549936382e-05,7.02163876297149e-11,1.94444444444e-05
25,64,250,320,564.189584,0.02,0,0.05,0,0,0,400000000,10,0.1,99,0.0797337619310046,0.0677398356586429,0.07,0.000249174994547193,0.00142008810079233,1.94444444444e-05,0.0679059170518186,0.0119063232723539,0.07,1.94444518798111e-05,4.53886191765779e-11,1.94444444444e-05
25,64,500,320,564.189584,0.02,0,0.05,0,0,0,400000000,10,0.1,79,0.0698480346746131,0.00147643657217078,0.07,7.20553110239456e-05,0.000334397578095916,1.94444444444e-05,0.0686477165804045,0.00847779551334884,0.07,3.23003896347582e-05,8.22337056602904e-05,1.94444444444e-05
26,25,500,981,564.189584,0.02,0,0.05,0,0,0,400000000,10,0.1,99,0.111516891529139,0.139951402316816,0.07,0.00260835669768923,0.00748593426802039,1.94444444444e-05,0.0927404237407532,0.110907806192813,0.07,0.00186620776040889,0.00661482169765454,1.94444444444e-05
26,25,750,981,564.189584,0.02,0,0.05,0,0,0,400000000,10,0.1,18,0.0690370255174896,0.00304057294933818,0.07,0.000563210876986239,0.00158835976612898,1.94444444444e-05,0.0690370255174896,0.00304057294933818,0.07,0.000563210876986239,0.00158835976612898,1.94444444444e-05
26,36,500,628,564.189584,0.02,0,0.05,0,0,0,400000000,10,0.1,95,0.118534068216945,0.151764358555327,0.07,0.00148358715746955,0.00465545941424733,1.94444444444e-05,0.0851474219649518,0.0905410986116994,0.07,0.000834622069175082,0.00364673811140177,1.94444444444e-05
26,49,500,436,564.189584,0.02,0,0.05,0,0,0,400000000,10,0.1,89,0.0857907495434893,0.0861513549310795,0.07,0.000597428128503475,0.00260428471725492,1.94444444444e-05,0.0653200426473437,0.0175049415642758,0.07,1.94444693817989e-05,9.83602037399933e-11,1.94444444444e-05
26,64,500,320,564.189584,0.02,0,0.05,0,0,0,400000000,10,0.1,79,0.0835139438975992,0.0855170439232086,0.07,0.000447651018635016,0.00204938178285308,1.94444444444e-05,0.0689488296807212,0.00846963807548293,0.07,0.000141734706330552,0.000545817034878981,1.94444444444e-05
27,25,500,981,564.189584,0.02,0,0.05,0,0,0,400000000,10,0.1,99,0.0843595075540277,0.0825929470388004,0.07,0.00126126710794401,0.00479401647690235,1.94444444444e-05,0.0664552298730194,0.0148439795768592,0.07,0.000361135322239112,0.00133631298437857,1.94444444444e-05
27,25,750,981,564.189584,0.02,0,0.05,0,0,0,400000000,10,0.1,18,0.0950424312003676,0.104992344164166,0.07,0.00136228776060418,0.00450249692990219,1.94444444444e-05,0.0757227841322723,0.0230499507813074,0.07,0.000664633838700739,0.00187956641632286,1.94444444444e-05
27,36,500,628,564.189584,0.02,0,0.05,0,0,0,400000000,10,0.1,95,0.0903030849824405,0.0977156779409116,0.07,0.00074130612579114,0.0032011123784021,1.94444444444e-05,0.0757628114807605,0.0560218291609537,0.07,0.000338334113164218,0.00201716619224248,1.94444444444e-05
27,49,500,436,564.189584,0.02,0,0.05,0,0,0,400000000,10,0.1,89,0.0697705183901901,0.001368972291394,0.07,0.000137968032637947,0.000659386000270671,1.94444444444e-05,0.0676527243719573,0.0126388207554702,0.07,1.94444630460079e-05,1.02369601060125e-10,1.94444444444e-05
27,64,500,320,564.189584,0.02,0,0.05,0,0,0,400000000,10,0.1,79,0.0877395011342745,0.0906366441555778,0.07,0.00028836225677808,0.00144914152655173,1.94444444444e-05,0.0674052424564797,0.0131439113652549,0.07,1.94444492966873e-05,2.60024633065839e-11,1.94444444444e-05
28,25,500,981,564.189584,0.02,0,0.05,0,0,0,400000000,10,0.1,99,0.0790130366007033,0.0646586977372876,0.07,0.000873091658441861,0.00253873636670111,1.94444444444e-05,0.0668165867643413,0.0177203345609591,0.07,0.000421436845967801,0.00124378422850451,1.94444444444e-05
28,25,750,981,564.189584,0.02,0,0.05,0,0,0,400000000,10,0.1,18,0.07,2.85602516873777e-17,0.07,1.94444444444e-05,3.48635884855684e-21,1.94444444444e-05,0.07,2.85602516873777e-17,0.07,1.94444444444e-05,3.48635884855684e-21,1.94444444444e-05
28,36,500,628,564.189584,0.02,0,0.05,0,0,0,400000000,10,0.1,95,0.103885733751348,0.131692376151069,0.07,0.00129141925876133,0.00495926896835655,1.94444444444e-05,0.0829427222436105,0.0809915613342206,0.07,0.00073342233725385,0.00376428936252645,1.94444444444e-05
28,49,500,436,564.189584,0.02,0,0.05,0,0,0,400000000,10,0.1,89,0.0818513535960955,0.0800961875949995,0.07,0.000330887546257739,0.00209275841912869,1.94444444444e-05,0.0684467974945245,0.010302203720418,0.07,1.94444499062843e-05,3.81429445018932e-11,1.94444444444e-05
28,64,500,320,564.189584,0.02,0,0.05,0,0,0,400000000,10,0.1,79,0.070031934922664,0.000283843801339108,0.07,6.1018807517657e-05,0.000369521021771174,1.94444444444e-05,0.070031934922664,0.000283843801339108,0.07,6.1018807517657e-05,0.000369521021771174,1.94444444444e-05
29,25,500,981,564.189584,0.02,0,0.05,0,0,0,400000000,10,0.1,99,0.0868922598029413,0.0969063943773223,0.07,0.000850164569027337,0.00424300168362989,1.94444444444e-05,0.0664723896933659,0.0151074029314565,0.07,6.71337769459061e-05,0.000449969869467022,1.94444444444e-05
29,25,750,981,564.189584,0.02,0,0.05,0,0,0,400000000,10,0.1,18,0.07,2.85602516873777e-17,0.07,1.94444444444e-05,3.48635884855684e-21,1.94444444444e-05,0.07,2.85602516873777e-17,0.07,1.94444444444e-05,3.48635884855684e-21,1.94444444444e-05
29,36,500,628,564.189584,0.02,0,0.05,0,0,0,400000000,10,0.1,95,0.0911760082460236,0.101825980602392,0.07,0.000863144912299653,0.00411661830936468,1.94444444444e-05,0.0840924254630673,0.083225827212087,0.07,0.000692387591985929,0.00383652679199094,1.94444444444e-05
29,49,500,436,564.189584,0.02,0,0.05,0,0,0,400000000,10,0.1,89,0.0759676009122448,0.0572982505836009,0.07,0.000232397657073025,0.00171409364198599,1.94444444444e-05,0.068439679112593,0.010349364760915,0.07,1.94444529649382e-05,5.93784329530358e-11,1.94444444444e-05
29,64,500,320,564.189584,0.02,0,0.05,0,0,0,400000000,10,0.1,79,0.0852049045043352,0.0961569622256275,0.07,0.000265068475650825,0.00176615364963814,1.94444444444e-05,0.0722740184924171,0.028779064443624,0.07,0.00012480312261984,0.000936448409160651,1.94444444444e-05
30,25,500,981,564.189584,0.02,0,0.05,0,0,0,400000000,10,0.1,99,0.0850722853160504,0.0865504859892839,0.07,0.00131032607244412,0.00514756617226239,1.94444444444e-05,0.0656191677659288,0.0160110636809655,0.07,0.000324515070159306,0.00111220077283049,1.94444444444e-05
30,25,750,981,564.189584,0.02,0,0.05,0,0,0,400000000,10,0.1,18,0.0939190525134996,0.101479945391116,0.07,0.000450932174901311,0.00183064740122925,1.94444444444e-05,0.0939190525134996,0.101479945391116,0.07,0.000450932174901311,0.00183064740122925,1.94444444444e-05
30,36,500,628,564.189584,0.02,0,0.05,0,0,0,400000000,10,0.1,95,0.0898310117536986,0.0967909668715331,0.07,0.000743476695749399,0.00316356219803452,1.94444444444e-05,0.076368171315902,0.0557838163612218,0.07,0.000449988275849201,0.00238154743776504,1.94444444444e-05
30,49,500,436,564.189584,0.02,0,0.05,0,0,0,400000000,10,0.1,89,0.075582395746467,0.0573053360269718,0.07,0.000376127270480563,0.00256608448225802,1.94444444444e-05,0.0668737953738671,0.0144927482118025,0.07,1.94444646065461e-05,9.4848136403815e-11,1.94444444444e-05
30,64,500,320,564.189584,0.02,0,0.05,0,0,0,400000000,10,0.1,79,0.0762708321533504,0.0574493248855388,0.07,0.000199707514641257,0.00112688002261599,1.94444444444e-05,0.0673697954675954,0.013323143675419,0.07,1.94444560476861e-05,6.22537093612343e-11,1.94444444444e-05
31,25,500,981,564.189584,0.02,0,0.05,0,0,0,400000000,10,0.1,99,0.0955136995263034,0.109550941705759,0.07,0.00201874788987467,0.00639384820521674,1.94444444444e-05,0.0814842255806401,0.078103882305747,0.07,0.00132071566826124,0.00531900954443235,1.94444444444e-05
31,25,750,981,564.189584,0.02,0,0.05,0,0,0,400000000,10,0.1,18,0.0703564904196356,0.00220105118423956,0.07,0.000624401471595539,0.00176814050420183,1.94444444444e-05,0.0703564904196356,0.00220105118423956,0.07,0.000624401471595539,0.00176814050420183,1.94444444444e-05
31,36,500,628,564.189584,0.02,0,0.05,0,0,0,400000000,10,0.1,95,0.118319665297439,0.141836536717072,0.07,0.00147887583238647,0.00436592959984321,1.94444444444e-05,0.0846597466431535,0.0897498236854709,0.07,0.000748474721202365,0.00329113293118225,1.94444444444e-05
31,49,500,436,564.189584,0.02,0,0.05,0,0,0,400000000,10,0.1,89,0.0926818387265463,0.104469452520667,0.07,0.00106651084924964,0.00434093108264663,1.94444444444e-05,0.063476130011054,0.0197485635985753,0.07,3.44207746394899e-05,0.000100086317847956,1.94444444444e-05
31,64,500,320,564.189584,0.02,0,0.05,0,0,0,400000000,10,0.1,79,0.103640141188059,0.130959939178588,0.07,0.000994291038467346,0.00385981043621445,1.94444444444e-05,0.0794501875060606,0.0755508510769399,0.07,0.000437501930068267,0.00259160408822206,1.94444444444e-05
32,25,500,981,564.189584,0.02,0,0.05,0,0,0,400000000,10,0.1,99,0.0789933797741253,0.0635346705259803,0.07,0.00064850168842825,0.00427267674320378,1.94444444444e-05,0.0672529665606863,0.0134904290307367,0.07,0.000118465231058926,0.000690482565720188,1.94444444444e-05
32,25,750,981,564.189584,0.02,0,0.05,0,0,0,400000000,10,0.1,18,0.0699366117108278,0.000268933734728835,0.07,0.000259583263124067,0.00101882272268711,1.94444444444e-05,0.0699366117108278,0.000268933734728835,0.07,0.000259583263124067,0.00101882272268711,1.94444444444e-05
32,36,500,628,564.189584,0.02,0,0.05,0,0,0,400000000,10,0.1,95,0.0746884123284641,0.0456153217743231,0.07,0.000220400829731148,0.00161136704829555,1.94444444444e-05,0.0692783425136912,0.00711604739862666,0.07,5.96015324587316e-05,0.000391402847831547,1.94444444444e-05
32,49,500,436,564.189584,0.02,0,0.05,0,0,0,400000000,10,0.1,89,0.0700156807044583,0.000147931469996152,0.07,5.68846862538764e-05,0.000353210534810237,1.94444444444e-05,0.0692181372036426,0.00737607886869301,0.07,1.94444496878079e-05,4.94662108676471e-11,1.94444444444e-05
32,64,500,320,564.189584,0.02,0,0.05,0,0,0,400000000,10,0.1,79,0.0698677751148567,0.0011752404859609,0.07,5.20745947593354e-05,0.000290023119865378,1.94444444444e-05,0.0691195679722639,0.00782545103375013,0.07,1.94444499295937e-05,4.87534677635633e-11,1.94444444444e-05
33,25,500,981,564.189584,0.02,0,0.05,0,0,0,400000000,10,0.1,99,0.0852050076904347,0.088834650991456,0.07,0.00131119509511086,0.00471594631932109,1.94444444444e-05,0.0703688055670456,0.0344165768477571,0.07,0.000540454130066107,0.00173105337962372,1.94444444444e-05
33,25,750,981,564.189584,0.02,0,0.05,0,0,0,400000000,10,0.1,18,0.0990258190638687,0.123146120937332,0.07,0.00170067149289398,0.00713284228003767,1.94444444444e-05,0.0990258190638687,0.123146120937332,0.07,0.00170067149289398,0.00713284228003767,1.94444444444e-05
33,36,500,628,564.189584,0.02,0,0.05,0,0,0,400000000,10,0.1,95,0.0799697645431825,0.0695363925450232,0.07,0.000571727724434214,0.0019273687303879,1.94444444444e-05,0.0696771984921042,0.00959759091507758,0.07,0.000351630779236054,0.00104482517717783,1.94444444444e-05
33,49,500,436,564.189584,0.02,0,0.05,0,0,0,400000000,10,0.1,89,0.0756649912612679,0.0578168387501936,0.07,0.000396560472185787,0.00213845255000505,1.94444444444e-05,0.0653122799591105,0.0175339249549844,0.07,1.94444734704157e-05,1.10669136436879e-10,1.94444444444e-05
33,64,500,320,564.189584,0.02,0,0.05,0,0,0,400000000,10,0.1,79,0.0816857056517233,0.0716607587530678,0.07,0.000369548937515829,0.00202548821856804,1.94444444444e-05,0.0682037153690512,0.00950650595538693,0.07,5.18001771474696e-05,0.000227775084595183,1.94444444444e-05
34,25,500,981,564.189584,0.02,0,0.05,0,0,0,400000000,10,0.1,99,0.0812790616853907,0.0748879383226954,0.07,0.00129976062494444,0.00498070864779741,1.94444444444e-05,0.0714454026351648,0.0496402644986002,0.07,0.000666488836171348,0.00273599276652201,1.94444444444e-05
34,25,750,981,564.189584,0.02,0,0.05,0,0,0,400000000,10,0.1,18,0.0704340152937235,0.00127615768079285,0.07,0.0007058026367057,0.00200247327668412,1.94444444444e-05,0.0704340152937235,0.00127615768079285,0.07,0.0007058026367057,0.00200247327668412,1.94444444444e-05
34,36,500,628,564.189584,0.02,0,0.05,0,0,0,400000000,10,0.1,95,0.103342480915472,0.129621317159419,0.07,0.00107989152030693,0.00400561981462779,1.94444444444e-05,0.0776036536347374,0.0742987932853711,0.07,0.000456848567883301,0.00270802530922347,1.94444444444e-05
34,49,500,436,564.189584,0.02,0,0.05,0,0,0,400000000,10,0.1,89,0.0701507836430562,0.00105813752898011,0.07,0.000139453715875434,0.000663060654778201,1.94444444444e-05,0.0676546649766364,0.0126283741890563,0.07,1.94444604243101e-05,8.74685769928882e-11,1.94444444444e-05
34,64,500,320,564.189584,0.02,0,0.05,0,0,0,400000000,10,0.1,79,0.074876535448096,0.0433435951456085,0.07,7.84251515990582e-05,0.000524231992061359,1.94444444444e-05,0.0691378721724247,0.00766275974406747,0.07,1.94444457102139e-05,1.12508002529541e-11,1.94444444444e-05
35,25,500,981,564.189584,0.02,0,0.05,0,0,0,400000000,10,0.1,99,0.0852537300146801,0.0853501606436571,0.07,0.00178688838445048,0.00634236309082231,1.94444444444e-05,0.0751119850776107,0.0731231665084117,0.07,0.001246779031152,0.00584419082839125,1.94444444444e-05
35,25,750,981,564.189584,0.02,0,0.05,0,0,0,400000000,10,0.1,18,0.0988236100272472,0.122288220651258,0.07,0.000936131528233528,0.00388917391904048,1.94444444444e-05,0.0988236100272472,0.122288220651258,0.07,0.000936131528233528,0.00388917391904048,1.94444444444e-05
35,36,500,628,564.189584,0.02,0,0.05,0,0,0,400000000,10,0.1,95,0.103723832879689,0.122769238476367,0.07,0.00119142087025872,0.0039711386620072,1.94444444444e-05,0.0924206398599214,0.099210823543912,0.07,0.00100698117681868,0.00355674214495113,1.94444444444e-05
35,49,500,436,564.189584,0.02,0,0.05,0,0,0,400000000,10,0.1,89,0.0805167753403297,0.0728224863316014,0.07,0.000800473211026209,0.00410846553017803,1.94444444444e-05,0.0637864867684161,0.0198867408372844,0.07,1.94444828648348e-05,1.32206492914966e-10,1.94444444444e-05
35,64,500,320,564.189584,0.02,0,0.05,0,0,0,400000000,10,0.1,79,0.100492964431839,0.121780167066632,0.07,0.000464569368116266,0.001827453694329,1.94444444444e-05,0.0725063273020738,0.0574167458240504,0.07,9.06186056136658e-05,0.000478753456601923,1.94444444444e-05
36,25,500,981,564.189584,0.02,0,0.05,0,0,0,400000000,10,0.1,99,0.0905393691191759,0.10011824100601,0.07,0.000922563420977784,0.00341734915488621,1.94444444444e-05,0.070226727450172,0.0539748372129534,0.07,0.000233631394191556,0.00157152944668937,1.94444444444e-05
36,25,750,981,564.189584,0.02,0,0.05,0,0,0,400000000,10,0.1,18,0.0707919963507397,0.00336015594169799,0.07,0.000342125426605128,0.00136901946387472,1.94444444444e-05,0.0707808406166924,0.00331282617053427,0.07,0.000341353821666856,0.00136574582136922,1.94444444444e-05
36,36,500,628,564.189584,0.02,0,0.05,0,0,0,400000000,10,0.1,95,0.0902935026329656,0.0975215592536513,0.07,0.00102251451510844,0.00493679175998246,1.94444444444e-05,0.0901573993150265,0.0968595006555769,0.07,0.00102107786897464,0.00493535973003826,1.94444444444e-05
36,49,500,436,564.189584,0.02,0,0.05,0,0,0,400000000,10,0.1,89,0.0862332840428759,0.0884878390008092,0.07,0.000583180408023888,0.00276666050288068,1.94444444444e-05,0.0661032909125741,0.0160622928155209,0.07,1.94444627963236e-05,7.94751740138651e-11,1.94444444444e-05
36,64,500,320,564.189584,0.02,0,0.05,0,0,0,400000000,10,0.1,79,0.0822071417652064,0.077511522296221,0.07,0.000400626233652375,0.0023793426666217,1.94444444444e-05,0.0766572750257297,0.0601438836869009,0.07,0.000305968555588446,0.00219659005523065,1.94444444444e-05
37,25,500,981,564.189584,0.02,0,0.05,0,0,0,400000000,10,0.1,99,0.0853771450360821,0.0810787110547608,0.07,0.000484374167415821,0.00195032835924122,1.94444444444e-05,0.0663356982582129,0.0190680077074085,0.07,5.07915345619919e-05,0.000214080297088646,1.94444444444e-05
37,25,750,981,564.189584,0.02,0,0.05,0,0,0,400000000,10,0.1,18,0.0697493345784402,0.00106348331636359,0.07,0.000226551429272428,0.000878680520417987,1.94444444444e-05,0.0697493345784402,0.00106348331636359,0.07,0.000226551429272428,0.000878680520417987,1.94444444444e-05
37,36,500,628,564.189584,0.02,0,0.05,0,0,0,400000000,10,0.1,95,0.0809286037063815,0.0748808942818477,0.07,0.000537312937778713,0.00309205336694811,1.94444444444e-05,0.0756324277639728,0.0560209010500977,0.07,0.000463754938578594,0.00299955456836568,1.94444444444e-05
37,49,500,436,564.189584,0.02,0,0.05,0,0,0,400000000,10,0.1,89,0.0812142320940868,0.0738815925449674,0.07,0.00041313590845829,0.00232728722126219,1.94444444444e-05,0.0668863931587857,0.014434778861318,0.07,1.94444619224258e-05,8.94361907712341e-11,1.94444444444e-05
37,64,500,320,564.189584,0.02,0,0.05,0,0,0,400000000,10,0.1,79,0.0758520118692347,0.0548937929826114,0.07,0.000249425738737968,0.00151127003458689,1.94444444444e-05,0.0733447896580892,0.0375393449559855,0.07,0.000177924315834337,0.00107523169034898,1.94444444444e-05
38,25,500,981,564.189584,0.02,0,0.05,0,0,0,400000000,10,0.1,99,0.0849127539517996,0.0839142749062044,0.07,0.00151338836991307,0.00493057045515053,1.94444444444e-05,0.0703210065806786,0.0416368582481421,0.07,0.000706023360589605,0.00254550177991094,1.94444444444e-05
38,25,750,981,564.189584,0.02,0,0.05,0,0,0,400000000,10,0.1,18,0.07,2.85602516873777e-17,0.07,1.94444444444e-05,3.48635884855684e-21,1.94444444444e-05,0.07,2.85602516873777e-17,0.07,1.94444444444e-05,3.48635884855684e-21,1.94444444444e-05
38,36,500,628,564.189584,0.02,0,0.05,0,0,0,400000000,10,0.1,95,0.101140013225365,0.121171570274311,0.07,0.000870999721501317,0.00311001245323467,1.94444444444e-05,0.0757737283415227,0.0566858618278449,0.07,0.000275209335365466,0.00116331544736835,1.94444444444e-05
38,49,500,436,564.189584,0.02,0,0.05,0,0,0,400000000,10,0.1,89,0.0697180945241297,0.00170888761422295,0.07,0.000250414534951944,0.000890718320481205,1.94444444444e-05,0.0653070010303457,0.0175536639402074,0.07,1.94444793068157e-05,1.32953696930537e-10,1.94444444444e-05
38,64,500,320,564.189584,0.02,0,0.05,0,0,0,400000000,10,0.1,79,0.0955237429095736,0.111405968827493,0.07,0.000488901488745407,0.00231797962594356,1.94444444444e-05,0.0671506103401616,0.0129699436603842,0.07,5.77758609467949e-05,0.000287325136842747,1.94444444444e-05
39,25,500,981,564.189584,0.02,0,0.05,0,0,0,400000000,10,0.1,99,0.0879663041038335,0.0922921759972931,0.07,0.0011342650113192,0.00419870225945546,1.94444444444e-05,0.0833733930316865,0.0828415111654852,0.07,0.000890742510591517,0.00372238973028657,1.94444444444e-05
39,25,750,981,564.189584,0.02,0,0.05,0,0,0,400000000,10,0.1,18,0.0698167024724183,0.000777665548366631,0.07,0.000287019571225589,0.00113522511974297,1.94444444444e-05,0.0698167024724183,0.000777665548366631,0.07,0.000287019571225589,0.00113522511974297,1.94444444444e-05
39,36,500,628,564.189584,0.02,0,0.05,0,0,0,400000000,10,0.1,95,0.10344238071815,0.129885482020077,0.07,0.00141609284433923,0.00552996303556137,1.94444444444e-05,0.0970686335029623,0.118440353056639,0.07,0.00124966722260934,0.0053113585604514,1.94444444444e-05
39,49,500,436,564.189584,0.02,0,0.05,0,0,0,400000000,10,0.1,89,0.0812407686038848,0.0749119199672062,0.07,0.000527516543040384,0.00294202399600849,1.94444444444e-05,0.071957788523423,0.0427305008490164,0.07,0.000218484790417442,0.00187774272816978,1.94444444444e-05
39,64,500,320,564.189584,0.02,0,0.05,0,0,0,400000000,10,0.1,79,0.0869151698890464,0.0868773043780624,0.07,0.000323168185962061,0.00154114987326887,1.94444444444e-05,0.0732474033839957,0.045824701249102,0.07,0.000120338094344876,0.000896762342235959,1.94444444444e-05
40,25,500,981,564.189584,0.02,0,0.05,0,0,0,400000000,10,0.1,99,0.0850832785561693,0.084525861565444,0.07,0.00135949302620796,0.00478701262175306,1.94444444444e-05,0.0717627812609811,0.0429465662864088,0.07,0.000716989670881309,0.00274384492595421,1.94444444444e-05
40,25,750,981,564.189584,0.02,0,0.05,0,0,0,400000000,10,0.1,18,0.0700308475630567,0.0031171255135538,0.07,0.000593989585798567,0.00172598780025604,1.94444444444e-05,0.0700308475630567,0.0031171255135538,0.07,0.000593989585798567,0.00172598780025604,1.94444444444e-05
40,36,500,628,564.189584,0.02,0,0.05,0,0,0,400000000,10,0.1,95,0.0903139502755224,0.097349591097415,0.07,0.000636409591577704,0.00310720653649228,1.94444444444e-05,0.0778699447710797,0.0683357379373981,0.07,0.000439443409280103,0.00291300909459032,1.94444444444e-05
40,49,500,436,564.189584,0.02,0,0.05,0,0,0,400000000,10,0.1,89,0.0806217764933939,0.070853174157164,0.07,0.000598112892484893,0.00373795049961715,1.94444444444e-05,0.0670069444077609,0.0138949509421532,0.07,2.07629308690101e-05,1.24384602135778e-05,1.94444444444e-05
40,64,500,320,564.189584,0.02,0,0.05,0,0,0,400000000,10,0.1,79,0.0817465205175368,0.074235535425096,0.07,0.000335965476762634,0.00180227406092851,1.94444444444e-05,0.0699951065004448,0.0126329654139515,0.07,8.15077364027886e-05,0.000460328758019351,1.94444444444e-05
41,25,500,981,564.189584,0.02,0,0.05,0,0,0,400000000,10,0.1,99,0.0963761551972058,0.114880168124567,0.07,0.00201172851275245,0.00658377513999909,1.94444444444e-05,0.0800146230766428,0.0704220255230296,0.07,0.00110794979203051,0.00348518269044707,1.94444444444e-05
41,25,750,981,564.189584,0.02,0,0.05,0,0,0,400000000,10,0.1,18,0.0697573651225926,0.00102941260300314,0.07,0.000330321485179789,0.0013189395817152,1.94444444444e-05,0.0697573651225926,0.00102941260300314,0.07,0.000330321485179789,0.0013189395817152,1.94444444444e-05
41,36,500,628,564.189584,0.02,0,0.05,0,0,0,400000000,10,0.1,95,0.122326584582817,0.153830319781091,0.07,0.00152376080984823,0.00414833085773747,1.94444444444e-05,0.0902786021774177,0.104308538071549,0.07,0.000853930040390816,0.00315072472255398,1.94444444444e-05
41,49,500,436,564.189584,0.02,0,0.05,0,0,0,400000000,10,0.1,89,0.0930410198498606,0.109084247362215,0.07,0.000964679859503218,0.00428919438501107,1.94444444444e-05,0.0638748452598459,0.0196244141532636,0.07,2.37956701465281e-05,4.10491125708016e-05,1.94444444444e-05
41,64,500,320,564.189584,0.02,0,0.05,0,0,0,400000000,10,0.1,79,0.0957062123267448,0.114017671452413,0.07,0.000411111737533302,0.00183960404552472,1.94444444444e-05,0.0667336938833788,0.0136010727099319,0.07,5.58008726636114e-05,0.000277426645872752,1.94444444444e-05
42,25,500,981,564.189584,0.02,0,0.05,0,0,0,400000000,10,0.1,99,0.0700489129158233,0.00174339072812296,0.07,0.000501993016238059,0.00154468119678278,1.94444444444e-05,0.0680463361362914,0.00990816717502863,0.07,0.000354442966257135,0.00122426374516601,1.94444444444e-05
42,25,750,981,564.189584,0.02,0,0.05,0,0,0,400000000,10,0.1,18,0.07,2.85602516873777e-17,0.07,1.94444444444e-05,3.48635884855684e-21,1.94444444444e-05,0.07,2.85602516873777e-17,0.07,1.94444444444e-05,3.48635884855684e-21,1.94444444444e-05
42,36,500,628,564.189584,0.02,0,0.05,0,0,0,400000000,10,0.1,95,0.0901177319769261,0.0970801103768265,0.07,0.000657462417238328,0.00281164242276574,1.94444444444e-05,0.0777565811490805,0.0650939440989165,0.07,0.000375725126134191,0.00204644292682779,1.94444444444e-05
42,49,500,436,564.189584,0.02,0,0.05,0,0,0,400000000,10,0.1,89,0.0699218699964158,0.000737076979661749,0.07,6.54678869382663e-05,0.000434184288119427,1.94444444444e-05,0.0692168301381775,0.00738840969962949,0.07,1.94444517477124e-05,6.88993110017053e-11,1.94444444444e-05
42,64,500,320,564.189584,0.02,0,0.05,0,0,0,400000000,10,0.1,79,0.07,4.18993940115796e-17,0.07,1.94444444444e-05,3.40978141370277e-21,1.94444444444e-05,0.07,4.18993940115796e-17,0.07,1.94444444444e-05,3.40978141370277e-21,1.94444444444e-05
43,25,500,981,564.189584,0.02,0,0.05,0,0,0,400000000,10,0.1,99,0.0749367714475813,0.0471804740647171,0.07,0.000697386860873262,0.00237172788592566,1.94444444444e-05,0.0709466283739524,0.0322676714417069,0.07,0.000478888446672967,0.00174296163758189,1.94444444444e-05
43,25,750,981,564.189584,0.02,0,0.05,0,0,0,400000000,10,0.1,18,0.07,2.85602516873777e-17,0.07,1.94444444444e-05,3.48635884855684e-21,1.94444444444e-05,0.07,2.85602516873777e-17,0.07,1.94444444444e-05,3.48635884855684e-21,1.94444444444e-05
43,36,500,628,564.189584,0.02,0,0.05,0,0,0,400000000,10,0.1,95,0.101016749209696,0.120059628969124,0.07,0.00106345433111716,0.0038606893955737,1.94444444444e-05,0.0762902211438164,0.056691149175166,0.07,0.000357826025018466,0.00161307425730352,1.94444444444e-05
43,49,500,436,564.189584,0.02,0,0.05,0,0,0,400000000,10,0.1,89,0.0754009898281488,0.0516551517042081,0.07,0.000299071974957795,0.00227523188464506,1.94444444444e-05,0.0684364350824617,0.0103708554597565,0.07,1.94444552433236e-05,7.32840034528875e-11,1.94444444444e-05
43,64,500,320,564.189584,0.02,0,0.05,0,0,0,400000000,10,0.1,79,0.0782642522011512,0.0749054728737203,0.07,0.000167133292383204,0.00110042499585747,1.94444444444e-05,0.06895388661634,0.00785034298817407,0.07,4.51284566054545e-05,0.000228284478943829,1.94444444444e-05
44,25,500,981,564.189584,0.02,0,0.05,0,0,0,400000000,10,0.1,99,0.0744322314772685,0.045882649130734,0.07,0.00064708190636944,0.00250260745945205,1.94444444444e-05,0.0667434500779425,0.0138770248310757,0.07,0.000253588628681098,0.00103773860416573,1.94444444444e-05
44,25,750,981,564.189584,0.02,0,0.05,0,0,0,400000000,10,0.1,18,0.0701364874852054,0.000579067358014925,0.07,0.000285604462366528,0.00112922132132082,1.94444444444e-05,0.0701364874852054,0.000579067358014925,0.07,0.000285604462366528,0.00112922132132082,1.94444444444e-05
44,36,500,628,564.189584,0.02,0,0.05,0,0,0,400000000,10,0.1,95,0.0846261949482673,0.0827888090445607,0.07,0.000367413730642011,0.0017307806827097,1.94444444444e-05,0.0718760602385366,0.0257763977947421,0.07,0.000152911659089984,0.000597206328108575,1.94444444444e-05
44,49,500,436,564.189584,0.02,0,0.05,0,0,0,400000000,10,0.1,89,0.0699666263597767,0.00194359678969511,0.07,0.000207965427807365,0.00079091156593243,1.94444444444e-05,0.0660903510963405,0.0161155908157736,0.07,1.94444715665517e-05,1.12847055364755e-10,1.94444444444e-05
44,64,500,320,564.189584,0.02,0,0.05,0,0,0,400000000,10,0.1,79,0.0810216371733525,0.0700202687874076,0.07,0.000285801869600853,0.00146390405971688,1.94444444444e-05,0.0689160273422309,0.00782313165977531,0.07,7.29488693598608e-05,0.000360430085030306,1.94444444444e-05
45,25,500,981,564.189584,0.02,0,0.05,0,0,0,400000000,10,0.1,99,0.094830856529193,0.108511353842671,0.07,0.00185225549200203,0.00723896742268179,1.94444444444e-05,0.0797204826177297,0.0747160877591759,0.07,0.00136251352223874,0.00667609314370843,1.94444444444e-05
45,25,750,981,564.189584,0.02,0,0.05,0,0,0,400000000,10,0.1,18,0.069595971040489,0.00136421798267961,0.07,0.000584647438004894,0.00165229194084004,1.94444444444e-05,0.069595971040489,0.00136421798267961,0.07,0.000584647438004894,0.00165229194084004,1.94444444444e-05
45,36,500,628,564.189584,0.02,0,0.05,0,0,0,400000000,10,0.1,95,0.100904884702259,0.119857098689359,0.07,0.00103996767306955,0.00378160257992577,1.94444444444e-05,0.0767426266285994,0.0514082506883889,0.07,0.000454981337929303,0.00210688450487334,1.94444444444e-05
45,49,500,436,564.189584,0.02,0,0.05,0,0,0,400000000,10,0.1,89,0.0809926533288104,0.0740512862083315,0.07,0.000473705929370708,0.00284665182704663,1.94444444444e-05,0.0669027196670843,0.0143595888258321,0.07,2.06018378845359e-05,1.0918711441884e-05,1.94444444444e-05
45,64,500,320,564.189584,0.02,0,0.05,0,0,0,400000000,10,0.1,79,0.0699953363823297,4.14511405417123e-05,0.07,6.15550715094494e-05,0.000374287440389231,1.94444444444e-05,0.0699953363823297,4.14511405417123e-05,0.07,6.15550715094494e-05,0.000374287440389231,1.94444444444e-05
46,25,500,981,564.189584,0.02,0,0.05,0,0,0,400000000,10,0.1,99,0.0746670915841302,0.0498729348080599,0.07,0.00053004916121386,0.00224075952512519,1.94444444444e-05,0.0674126957619668,0.0120939256429832,0.07,0.00024053778909196,0.000971711663446195,1.94444444444e-05
46,25,750,981,564.189584,0.02,0,0.05,0,0,0,400000000,10,0.1,18,0.0701503598845273,0.000637922963805749,0.07,0.000267451205224817,0.00105220357396766,1.94444444444e-05,0.0701503598845273,0.000637922963805749,0.07,0.000267451205224817,0.00105220357396766,1.94444444444e-05
46,36,500,628,564.189584,0.02,0,0.05,0,0,0,400000000,10,0.1,95,0.080911379760146,0.0749424461652489,0.07,0.000463442324834061,0.00233150033440903,1.94444444444e-05,0.0695857845600132,0.00800319695650705,0.07,0.000163465399215481,0.000658191164302056,1.94444444444e-05
46,49,500,436,564.189584,0.02,0,0.05,0,0,0,400000000,10,0.1,89,0.0698873875069508,0.000872138440783283,0.07,0.000119436877069418,0.00054203977687849,1.94444444444e-05,0.0676552689449653,0.012625117937965,0.07,1.94444594879865e-05,8.16123425285478e-11,1.94444444444e-05
46,64,500,320,564.189584,0.02,0,0.05,0,0,0,400000000,10,0.1,79,0.0859041250568621,0.0994268428092728,0.07,0.000233999891250334,0.00167384836606722,1.94444444444e-05,0.0683138260312968,0.0105365177341375,0.07,1.94444473628013e-05,2.2719058460089e-11,1.94444444444e-05
47,25,500,981,564.189584,0.02,0,0.05,0,0,0,400000000,10,0.1,99,0.0806123465159978,0.0763722471762656,0.07,0.000644341317361241,0.00343014033297104,1.94444444444e-05,0.0679908995639018,0.0171644455255565,0.07,0.000123304029902627,0.000547652194808822,1.94444444444e-05
47,25,750,981,564.189584,0.02,0,0.05,0,0,0,400000000,10,0.1,18,0.0957285593402816,0.110661514054369,0.07,0.00185652922311917,0.00663415874028031,1.94444444444e-05,0.0957285593402816,0.110661514054369,0.07,0.00185652922311917,0.00663415874028031,1.94444444444e-05
47,36,500,628,564.189584,0.02,0,0.05,0,0,0,400000000,10,0.1,95,0.0897161561756201,0.0950003985683072,0.07,0.000974561407298186,0.00482890586418304,1.94444444444e-05,0.0831749800646883,0.0788341131485495,0.07,0.000779804705059123,0.00447313558906985,1.94444444444e-05
47,49,500,436,564.189584,0.02,0,0.05,0,0,0,400000000,10,0.1,89,0.0735525002099104,0.0353563272101513,0.07,0.0002311931982009,0.000878464176920906,1.94444444444e-05,0.0661030167377583,0.0160639283434919,0.07,1.94444702556977e-05,1.14520077637714e-10,1.94444444444e-05
47,64,500,320,564.189584,0.02,0,0.05,0,0,0,400000000,10,0.1,79,0.0872205543711313,0.0881308817516011,0.07,0.000464336374340111,0.00269163389013738,1.94444444444e-05,0.073811342439163,0.0489775974917364,0.07,0.000279621917964691,0.00228677488042132,1.94444444444e-05
48,25,500,981,564.189584,0.02,0,0.05,0,0,0,400000000,10,0.1,99,0.0701062606080726,0.00154697629035678,0.07,0.000421182094683662,0.00137282998733656,1.94444444444e-05,0.0691215764096553,0.00574411659672852,0.07,0.000349842527624965,0.00117657611381223,1.94444444444e-05
48,25,750,981,564.189584,0.02,0,0.05,0,0,0,400000000,10,0.1,18,0.121931480194222,0.152167335252765,0.07,0.00214256247392034,0.00861642371965786,1.94444444444e-05,0.121931480194222,0.152167335252765,0.07,0.00214256247392034,0.00861642371965786,1.94444444444e-05
48,36,500,628,564.189584,0.02,0,0.05,0,0,0,400000000,10,0.1,95,0.0799225976980312,0.0709537693771803,0.07,0.000407758245920781,0.0022174093040355,1.94444444444e-05,0.0792843624627838,0.0713971803924569,0.07,0.000373187170678211,0.00219728982744867,1.94444444444e-05
48,49,500,436,564.189584,0.02,0,0.05,0,0,0,400000000,10,0.1,89,0.0698874526140379,0.0010539116341932,0.07,0.000110562501162207,0.000610826494677772,1.94444444444e-05,0.0685487563453516,0.00965683345956166,0.07,2.61063007342169e-05,6.28477553714148e-05,1.94444444444e-05
48,64,500,320,564.189584,0.02,0,0.05,0,0,0,400000000,10,0.1,79,0.0746758990437959,0.0415602997769981,0.07,7.63630552215291e-05,0.000505903678550638,1.94444444444e-05,0.0736141487865531,0.0321232570679886,0.07,6.54506220220886e-05,0.000408911850708041,1.94444444444e-05
49,25,500,981,564.189584,0.02,0,0.05,0,0,0,400000000,10,0.1,99,0.0890056093739738,0.0919180101603706,0.07,0.00111624937634073,0.0045055279735648,1.94444444444e-05,0.0790661178097943,0.0728556018092999,0.07,0.000789304092583777,0.00404663826985924,1.94444444444e-05
49,25,750,981,564.189584,0.02,0,0.05,0,0,0,400000000,10,0.1,18,0.0699691740392318,0.00194787280207994,0.07,0.000594701838892444,0.00168299824044782,1.94444444444e-05,0.0699691740392318,0.00194787280207994,0.07,0.000594701838892444,0.00168299824044782,1.94444444444e-05
49,36,500,628,564.189584,0.02,0,0.05,0,0,0,400000000,10,0.1,95,0.0735534005042382,0.0378914714857152,0.07,0.000192322842934211,0.000750076874139752,1.94444444444e-05,0.072888697748266,0.0385728546324444,0.07,0.00016407297580539,0.000699433516337543,1.94444444444e-05
49,49,500,436,564.189584,0.02,0,0.05,0,0,0,400000000,10,0.1,89,0.0810815662054732,0.0753304023757162,0.07,0.000365172783414532,0.00201798757263529,1.94444444444e-05,0.0668857336586045,0.0144375080564909,0.07,1.94444584892427e-05,6.95491085286387e-11,1.94444444444e-05
49,64,500,320,564.189584,0.02,0,0.05,0,0,0,400000000,10,0.1,79,0.0764785231305456,0.0593625240202962,0.07,0.000257164258296871,0.00159398063351833,1.94444444444e-05,0.0698548356588182,0.00181960033905355,0.07,0.000104291906315941,0.000450001966019495,1.94444444444e-05
50,25,500,981,564.189584,0.02,0,0.05,0,0,0,400000000,10,0.1,99,0.105020949853745,0.128207617538384,0.07,0.00212211205219041,0.00638499093664695,1.94444444444e-05,0.0774303479243946,0.0780695222662046,0.07,0.000726252387632856,0.00226944487830105,1.94444444444e-05
50,25,750,981,564.189584,0.02,0,0.05,0,0,0,400000000,10,0.1,18,0.0704078191389667,0.001649281904512,0.07,0.000686042202048333,0.00194379738295369,1.94444444444e-05,0.0704078191389667,0.001649281904512,0.07,0.000686042202048333,0.00194379738295369,1.94444444444e-05
50,36,500,628,564.189584,0.02,0,0.05,0,0,0,400000000,10,0.1,95,0.11242137387863,0.143020260985261,0.07,0.00147790374236615,0.00469818109309856,1.94444444444e-05,0.0961940007205406,0.113882674985866,0.07,0.00115920890374158,0.00434347205932941,1.94444444444e-05
50,49,500,436,564.189584,0.02,0,0.05,0,0,0,400000000,10,0.1,89,0.08431501599775,0.0788618259052555,0.07,0.000552232706192317,0.00193527066899347,1.94444444444e-05,0.0626187158420775,0.0211661164555791,0.07,2.60725690826191e-05,6.25292317346156e-05,1.94444444444e-05
50,64,500,320,564.189584,0.02,0,0.05,0,0,0,400000000,10,0.1,79,0.106946612931128,0.130563977696358,0.07,0.000899346022089596,0.00340686715046573,1.94444444444e-05,0.0693313189957477,0.0385409579909535,0.07,0.00020072328272124,0.00132857534600363,1.94444444444e-05
51,25,750,981,564.189584,0.02,0,0.05,0,0,0,400000000,10,0.1,18,0.0952635123823678,0.107782163197718,0.07,0.0012785049077671,0.0042151952065251,1.94444444444e-05,0.0952635123823678,0.107782163197718,0.07,0.0012785049077671,0.0042151952065251,1.94444444444e-05
52,25,750,981,564.189584,0.02,0,0.05,0,0,0,400000000,10,0.1,18,0.12514696486439,0.160791807568557,0.07,0.0022974411302046,0.00829637060703479,1.94444444444e-05,0.12514696486439,0.160791807568557,0.07,0.0022974411302046,0.00829637060703479,1.94444444444e-05
53,25,750,981,564.189584,0.02,0,0.05,0,0,0,400000000,10,0.1,18,0.111937974007783,0.126253634799333,0.07,0.00128325946286982,0.00505698726004787,1.94444444444e-05,0.0926075762718526,0.113068525019696,0.07,0.0012134552488234,0.00506575881119953,1.94444444444e-05
54,25,750,981,564.189584,0.02,0,0.05,0,0,0,400000000,10,0.1,18,0.07,2.85602516873777e-17,0.07,1.94444444444e-05,3.48635884855684e-21,1.94444444444e-05,0.07,2.85602516873777e-17,0.07,1.94444444444e-05,3.48635884855684e-21,1.94444444444e-05
55,25,750,981,564.189584,0.02,0,0.05,0,0,0,400000000,10,0.1,18,0.0700944804138398,0.000400846447892531,0.07,0.000372441468884483,0.00149763953832154,1.94444444444e-05,0.0700944804138398,0.000400846447892531,0.07,0.000372441468884483,0.00149763953832154,1.94444444444e-05
56,25,750,981,564.189584,0.02,0,0.05,0,0,0,400000000,10,0.1,18,0.069815176431614,0.000784139991172972,0.07,0.000313660516137583,0.0012482530765699,1.94444444444e-05,0.069815176431614,0.000784139991172972,0.07,0.000313660516137583,0.0012482530765699,1.94444444444e-05
57,25,750,981,564.189584,0.02,0,0.05,0,0,0,400000000,10,0.1,18,0.0702478747404865,0.00105164345929706,0.07,0.000322875964693178,0.00128735091356192,1.94444444444e-05,0.0702478747404865,0.00105164345929706,0.07,0.000322875964693178,0.00128735091356192,1.94444444444e-05
58,25,750,981,564.189584,0.02,0,0.05,0,0,0,400000000,10,0.1,18,0.0995381564636749,0.125319784435282,0.07,0.00286894834287446,0.0120894211775844,1.94444444444e-05,0.0995381564636749,0.125319784435282,0.07,0.00286894834287446,0.0120894211775844,1.94444444444e-05
59,25,750,981,564.189584,0.02,0,0.05,0,0,0,400000000,10,0.1,18,0.100959621324465,0.13327243106455,0.07,0.00308655416751969,0.0107449788297128,1.94444444444e-05,0.100959621324465,0.13327243106455,0.07,0.00308655416751969,0.0107449788297128,1.94444444444e-05
60,25,750,981,564.189584,0.02,0,0.05,0,0,0,400000000,10,0.1,18,0.0969316454374231,0.114261294703881,0.07,0.00124262431104821,0.00518951266971847,1.94444444444e-05,0.0969316454374231,0.114261294703881,0.07,0.00124262431104821,0.00518951266971847,1.94444444444e-05
61,25,750,981,564.189584,0.02,0,0.05,0,0,0,400000000,10,0.1,18,0.07,2.85602516873777e-17,0.07,1.94444444444e-05,3.48635884855684e-21,1.94444444444e-05,0.07,2.85602516873777e-17,0.07,1.94444444444e-05,3.48635884855684e-21,1.94444444444e-05
62,25,750,981,564.189584,0.02,0,0.05,0,0,0,400000000,10,0.1,18,0.10100091478841,0.129005077151,0.07,0.00152807104003716,0.00497590184475569,1.94444444444e-05,0.10100091478841,0.129005077151,0.07,0.00152807104003716,0.00497590184475569,1.94444444444e-05
63,25,750,981,564.189584,0.02,0,0.05,0,0,0,400000000,10,0.1,18,0.0988490938835002,0.120359863412428,0.07,0.00262688815901466,0.00868554709842916,1.94444444444e-05,0.0988490938835002,0.120359863412428,0.07,0.00262688815901466,0.00868554709842916,1.94444444444e-05
64,25,750,981,564.189584,0.02,0,0.05,0,0,0,400000000,10,0.1,18,0.0943028996890689,0.106742746467444,0.07,0.00181085985994363,0.00634798319520542,1.94444444444e-05,0.0943028996890689,0.106742746467444,0.07,0.00181085985994363,0.00634798319520542,1.94444444444e-05
65,25,750,981,564.189584,0.02,0,0.05,0,0,0,400000000,10,0.1,18,0.101864821297035,0.135073593487065,0.07,0.00094376922242685,0.00334056034716657,1.94444444444e-05,0.101864821297035,0.135073593487065,0.07,0.00094376922242685,0.00334056034716657,1.94444444444e-05
66,25,750,981,564.189584,0.02,0,0.05,0,0,0,400000000,10,0.1,18,0.07,2.85602516873777e-17,0.07,1.94444444444e-05,3.48635884855684e-21,1.94444444444e-05,0.07,2.85602516873777e-17,0.07,1.94444444444e-05,3.48635884855684e-21,1.94444444444e-05
67,25,750,981,564.189584,0.02,0,0.05,0,0,0,400000000,10,0.1,18,0.120539204316082,0.147799135869854,0.07,0.000893541315538289,0.0020280244202371,1.94444444444e-05,0.120539204316082,0.147799135869854,0.07,0.000893541315538289,0.0020280244202371,1.94444444444e-05
68,25,750,981,564.189584,0.02,0,0.05,0,0,0,400000000,10,0.1,18,0.101845349708818,0.134615428541438,0.07,0.00211463684147151,0.00664126753959098,1.94444444444e-05,0.101845349708818,0.134615428541438,0.07,0.00211463684147151,0.00664126753959098,1.94444444444e-05
69,25,750,981,564.189584,0.02,0,0.05,0,0,0,400000000,10,0.1,18,0.0700355276413725,0.000150731016804349,0.07,0.000301794280271922,0.0011979089014833,1.94444444444e-05,0.0700355276413725,0.000150731016804349,0.07,0.000301794280271922,0.0011979089014833,1.94444444444e-05
70,25,750,981,564.189584,0.02,0,0.05,0,0,0,400000000,10,0.1,18,0.0691971072698628,0.00238182422901341,0.07,0.000519206295662806,0.00145726359388294,1.94444444444e-05,0.0691971072698628,0.00238182422901341,0.07,0.000519206295662806,0.00145726359388294,1.94444444444e-05
71,25,750,981,564.189584,0.02,0,0.05,0,0,0,400000000,10,0.1,18,0.0969088407876314,0.111608231975661,0.07,0.00158921829866742,0.00528819781261748,1.94444444444e-05,0.0963133279688709,0.10908230045865,0.07,0.00156523236568956,0.00519067887442637,1.94444444444e-05
72,25,750,981,564.189584,0.02,0,0.05,0,0,0,400000000,10,0.1,18,0.0699572562498978,0.00323918504993751,0.07,0.00106621805726026,0.00203223376493924,1.94444444444e-05,0.0699572562498978,0.00323918504993751,0.07,0.00106621805726026,0.00203223376493924,1.94444444444e-05
73,25,750,981,564.189584,0.02,0,0.05,0,0,0,400000000,10,0.1,18,0.150937692209877,0.186747308832573,0.07,0.00430967402789359,0.0105501951641992,1.94444444444e-05,0.117525434459999,0.151878203194261,0.07,0.0026854670539412,0.0085435077184231,1.94444444444e-05
74,25,750,981,564.189584,0.02,0,0.05,0,0,0,400000000,10,0.1,18,0.0702022735094038,0.000858173820922799,0.07,0.000376340907381428,0.00151418345474559,1.94444444444e-05,0.0702022735094038,0.000858173820922799,0.07,0.000376340907381428,0.00151418345474559,1.94444444444e-05
75,25,750,981,564.189584,0.02,0,0.05,0,0,0,400000000,10,0.1,18,0.0695741100566571,0.0046748958270725,0.07,0.000839222422684161,0.00179177977081302,1.94444444444e-05,0.0660885864567167,0.0159151220746374,0.07,0.000702706081686494,0.00173791336223355,1.94444444444e-05
