UEIdx,lambdaBS,lambdaUE,numBlockers,deployRange,discoveryDelay,failureDetectionDelay,connectionSetupDelay,signalingAfterRachDelay,frameHopCount,frameDeliveryDelay,minRatereq,powerFac,lower_bound_thresh,GroupCount,mean_meanOutageDuration_wo_CF,std_meanOutageDuration_wo_CF,median_meanOutageDuration_wo_CF,mean_outageProbability_wo_CF,std_outageProbability_wo_CF,median_outageProbability_wo_CF,mean_meanOutageDuration,std_meanOutageDuration,median_meanOutageDuration,mean_outageProbability,std_outageProbability,median_outageProbability
1,25,500,981,564.189584,0.02,0,0.05,0,0,0,400000000,10,0.1,72,0.090484796903942,0.10074915479111,0.07,0.00128019494204912,0.00505430944786479,1.94444444444e-05,0.0738427195917393,0.0599693828738387,0.07,0.000452106038394139,0.00221011936742508,1.94444444444e-05
1,36,500,628,564.189584,0.02,0,0.05,0,0,0,400000000,10,0.1,72,0.105887903694124,0.134034757404979,0.07,0.00139190067748684,0.00522879892072168,1.94444444444e-05,0.0808764847816222,0.0850277425168244,0.07,0.000776051707034853,0.00437627175854353,1.94444444444e-05
1,49,500,436,564.189584,0.02,0,0.05,0,0,0,400000000,10,0.1,72,0.08360984768597,0.0830233408175975,0.07,0.000662547073349678,0.00305204048028361,1.94444444444e-05,0.0651714138961069,0.0177995998645644,0.07,1.94444753083861e-05,1.18134505895133e-10,1.94444444444e-05
1,64,500,320,564.189584,0.02,0,0.05,0,0,0,400000000,10,0.1,72,0.0913383602477282,0.103715480621511,0.07,0.000436767522427797,0.00210317630414272,1.94444444444e-05,0.0668119881997973,0.013974114181447,0.07,3.94286549222486e-05,0.000169571591515303,1.94444444444e-05
2,25,500,981,564.189584,0.02,0,0.05,0,0,0,400000000,10,0.1,72,0.0773570703179289,0.0611773435357731,0.07,0.000792651633485715,0.00343711737663628,1.94444444444e-05,0.0670994778767274,0.0139622761162081,0.07,0.000272986489741918,0.00105570738756724,1.94444444444e-05
2,36,500,628,564.189584,0.02,0,0.05,0,0,0,400000000,10,0.1,72,0.0904548340622427,0.100200100441518,0.07,0.000894932007075189,0.00361655364607697,1.94444444444e-05,0.0820027439017978,0.0793527895278194,0.07,0.000741318668853875,0.00338888602494293,1.94444444444e-05
2,49,500,436,564.189584,0.02,0,0.05,0,0,0,400000000,10,0.1,72,0.0769267452707384,0.0610294899868646,0.07,0.000508613006455347,0.00239556317914223,1.94444444444e-05,0.0642185183193912,0.0193099338992036,0.07,1.96373832558486e-05,1.63687851334904e-06,1.94444444444e-05
2,64,500,320,564.189584,0.02,0,0.05,0,0,0,400000000,10,0.1,72,0.0875615918948685,0.0871665494329712,0.07,0.000339272399331428,0.00149391182779978,1.94444444444e-05,0.0705186911994746,0.0244539868636824,0.07,9.07818301062473e-05,0.000460889850353166,1.94444444444e-05
3,25,500,981,564.189584,0.02,0,0.05,0,0,0,400000000,10,0.1,72,0.0699325474779467,0.000351310245279675,0.07,0.000214061121012386,0.000940870855187095,1.94444444444e-05,0.0689757356178679,0.00807763827015314,0.07,0.000144424730643553,0.000737439071581865,1.94444444444e-05
3,36,500,628,564.189584,0.02,0,0.05,0,0,0,400000000,10,0.1,72,0.0854794911497045,0.0925673407517503,0.07,0.000252924231713378,0.00183564038731824,1.94444444444e-05,0.0761168022228745,0.0607171496366783,0.07,3.70622370114639e-05,0.000149491899902734,1.94444444444e-05
3,49,500,436,564.189584,0.02,0,0.05,0,0,0,400000000,10,0.1,72,0.0774442480202244,0.0631665390712223,0.07,0.000447011620040375,0.00362802779132032,1.94444444444e-05,0.0690330906056457,0.00820449827449147,0.07,1.94444514659542e-05,5.95798627884475e-11,1.94444444444e-05
3,64,500,320,564.189584,0.02,0,0.05,0,0,0,400000000,10,0.1,72,0.07,2.79503539745159e-17,0.07,1.94444444444e-05,3.41190844415478e-21,1.94444444444e-05,0.07,2.79503539745159e-17,0.07,1.94444444444e-05,3.41190844415478e-21,1.94444444444e-05
4,25,500,981,564.189584,0.02,0,0.05,0,0,0,400000000,10,0.1,72,0.0902255780768177,0.0960200552033433,0.07,0.00146197935101526,0.00412569507577389,1.94444444444e-05,0.0721194388163037,0.0575343480848491,0.07,0.00098393507225508,0.00348945442188854,1.94444444444e-05
4,36,500,628,564.189584,0.02,0,0.05,0,0,0,400000000,10,0.1,72,0.0967590424054341,0.112926008060743,0.07,0.000981510530482395,0.00340611745833778,1.94444444444e-05,0.0742587510030123,0.0646713153006058,0.07,0.000525140375847715,0.00266551240873373,1.94444444444e-05
4,49,500,436,564.189584,0.02,0,0.05,0,0,0,400000000,10,0.1,72,0.0765611004069848,0.058452588485708,0.07,0.000357325239769644,0.00200121278591223,1.94444444444e-05,0.0670155072689277,0.0139749626811942,0.07,6.15076278802903e-05,0.000356917818476397,1.94444444444e-05
4,64,500,320,564.189584,0.02,0,0.05,0,0,0,400000000,10,0.1,72,0.0747154127707625,0.0409668250749527,0.07,0.000147390359792674,0.000856817317294465,1.94444444444e-05,0.0706931354885244,0.0148262955885648,0.07,6.57114710578028e-05,0.000352748328226026,1.94444444444e-05
5,25,500,981,564.189584,0.02,0,0.05,0,0,0,400000000,10,0.1,72,0.0949271898278216,0.102617246967309,0.07,0.00136178253954082,0.00574705790617613,1.94444444444e-05,0.0698869997476851,0.0300828988627168,0.07,0.00034207037324555,0.00147301788440387,1.94444444444e-05
5,36,500,628,564.189584,0.02,0,0.05,0,0,0,400000000,10,0.1,72,0.0843226666611029,0.0852553665204477,0.07,0.000770889636912978,0.00366711148670749,1.94444444444e-05,0.0760278697716277,0.0598327392158386,0.07,0.000572736155664403,0.00329287147065004,1.94444444444e-05
5,49,500,436,564.189584,0.02,0,0.05,0,0,0,400000000,10,0.1,72,0.0824018295135255,0.0754294051700199,0.07,0.000373445017406976,0.00208003130518494,1.94444444444e-05,0.0661723343830255,0.0158943342562474,0.07,1.9444460763725e-05,7.55415022292991e-11,1.94444444444e-05
5,64,500,320,564.189584,0.02,0,0.05,0,0,0,400000000,10,0.1,72,0.0779658081826373,0.0615608748659239,0.07,0.000318919871097173,0.00185345938496709,1.94444444444e-05,0.0755464959168232,0.05585599151666,0.07,0.000293339248650561,0.00170325888151115,1.94444444444e-05
6,25,500,981,564.189584,0.02,0,0.05,0,0,0,400000000,10,0.1,72,0.0915450996569755,0.104085033649138,0.07,0.00115933014121457,0.00493890197672835,1.94444444444e-05,0.0712757461184835,0.0363638844542466,0.07,0.000258925398870417,0.00107898914723334,1.94444444444e-05
6,36,500,628,564.189584,0.02,0,0.05,0,0,0,400000000,10,0.1,72,0.0927041059208808,0.110802150107772,0.07,0.00070663514930198,0.0030918005753791,1.94444444444e-05,0.0927041059208808,0.110802150107772,0.07,0.00070663514930198,0.0030918005753791,1.94444444444e-05
6,49,500,436,564.189584,0.02,0,0.05,0,0,0,400000000,10,0.1,72,0.0829305286811618,0.0770676103482286,0.07,0.000477899371201,0.0027926547380745,1.94444444444e-05,0.067114902938821,0.0139338257627888,0.07,1.94444583331875e-05,7.29076080331066e-11,1.94444444444e-05
6,64,500,320,564.189584,0.02,0,0.05,0,0,0,400000000,10,0.1,72,0.0820602874067117,0.0734261821281652,0.07,0.000211213204197993,0.00110191080787232,1.94444444444e-05,0.0707926019623308,0.0171402327237046,0.07,7.43390717505931e-05,0.000364188541296107,1.94444444444e-05
7,25,500,981,564.189584,0.02,0,0.05,0,0,0,400000000,10,0.1,72,0.0837611772399927,0.0816016281243797,0.07,0.00116242932142334,0.00613512350139421,1.94444444444e-05,0.0749635527077419,0.0595523804476102,0.07,0.000819242291511939,0.0057048236553255,1.94444444444e-05
7,36,500,628,564.189584,0.02,0,0.05,0,0,0,400000000,10,0.1,72,0.0902078378571899,0.0973484950154008,0.07,0.000714698639392809,0.00314057827755767,1.94444444444e-05,0.0770667923301851,0.0588991129948144,0.07,0.000307153063188129,0.00158283323089919,1.94444444444e-05
7,49,500,436,564.189584,0.02,0,0.05,0,0,0,400000000,10,0.1,72,0.077035687902471,0.0596997915137921,0.07,0.000312797753954754,0.00248918537325945,1.94444444444e-05,0.0690351432354788,0.00818708113279983,0.07,1.94444494983764e-05,4.28844117186938e-11,1.94444444444e-05
7,64,500,320,564.189584,0.02,0,0.05,0,0,0,400000000,10,0.1,72,0.0768494092040549,0.0581191643437046,0.07,0.000123462801733033,0.000882625029680134,1.94444444444e-05,0.0690480325434018,0.008077711728354,0.07,1.94444462576597e-05,1.53860189475019e-11,1.94444444444e-05
8,25,500,981,564.189584,0.02,0,0.05,0,0,0,400000000,10,0.1,72,0.0859387089032687,0.0946314087989207,0.07,0.000628919596162286,0.00289597037493555,1.94444444444e-05,0.073803915885091,0.0489657202982857,0.07,0.000222669658865738,0.00126346021310277,1.94444444444e-05
8,36,500,628,564.189584,0.02,0,0.05,0,0,0,400000000,10,0.1,72,0.0770182699096054,0.0599675128409545,0.07,0.000449126773928737,0.00317594205827714,1.94444444444e-05,0.0768626185686092,0.0600096363708552,0.07,0.000439095909731198,0.00316476814515094,1.94444444444e-05
8,49,500,436,564.189584,0.02,0,0.05,0,0,0,400000000,10,0.1,72,0.0853553404827455,0.0915359423726659,0.07,0.000485041738616386,0.0028306269872005,1.94444444444e-05,0.0680763123446237,0.01146057517702,0.07,1.94444518131722e-05,4.45690252792452e-11,1.94444444444e-05
8,64,500,320,564.189584,0.02,0,0.05,0,0,0,400000000,10,0.1,72,0.075849265149074,0.0520578980583587,0.07,0.000198989209354504,0.00131805574780277,1.94444444444e-05,0.068146655838909,0.0110487132352389,0.07,2.21450699073069e-05,2.29155413773144e-05,1.94444444444e-05
9,25,500,981,564.189584,0.02,0,0.05,0,0,0,400000000,10,0.1,72,0.089376407056713,0.0931285910955418,0.07,0.00147444928448313,0.00499103711116643,1.94444444444e-05,0.0712648355643555,0.0506188165326696,0.07,0.000659416576510011,0.0028313397039947,1.94444444444e-05
9,36,500,628,564.189584,0.02,0,0.05,0,0,0,400000000,10,0.1,72,0.110610165033531,0.136770489016094,0.07,0.00123101930679188,0.0043865075553033,1.94444444444e-05,0.0789709066751704,0.0782443595161281,0.07,0.00056824563610044,0.00326869004025588,1.94444444444e-05
9,49,500,436,564.189584,0.02,0,0.05,0,0,0,400000000,10,0.1,72,0.0769452031803463,0.0591879557712768,0.07,0.000348030141585154,0.00234581611919407,1.94444444444e-05,0.0680678792691993,0.0115108152375408,0.07,1.94444576001736e-05,8.1573177410163e-11,1.94444444444e-05
9,64,500,320,564.189584,0.02,0,0.05,0,0,0,400000000,10,0.1,72,0.0815206810299783,0.0686404544346658,0.07,0.000186465525810861,0.00108869560855838,1.94444444444e-05,0.0682211191222747,0.0106295002783252,0.07,2.02202613310319e-05,6.5830033317429e-06,1.94444444444e-05
10,25,500,981,564.189584,0.02,0,0.05,0,0,0,400000000,10,0.1,72,0.0699973449585297,0.00134759576661622,0.07,0.000453945330944928,0.00149534506033687,1.94444444444e-05,0.0683223626398286,0.00901071417539028,0.07,0.000341572733777051,0.0012620112945829,1.94444444444e-05
10,36,500,628,564.189584,0.02,0,0.05,0,0,0,400000000,10,0.1,72,0.0887597033922122,0.0913659237704764,0.07,0.000467899635267243,0.00183237676759838,1.94444444444e-05,0.0709893005099841,0.0337400086467238,0.07,0.000188668943148803,0.00101771116158607,1.94444444444e-05
10,49,500,436,564.189584,0.02,0,0.05,0,0,0,400000000,10,0.1,72,0.0697379368217302,0.00166943524830783,0.07,0.000144976247238381,0.000609960712013459,1.94444444444e-05,0.0671004741794801,0.0140032240508602,0.07,1.94444641973389e-05,9.5865139684337e-11,1.94444444444e-05
10,64,500,320,564.189584,0.02,0,0.05,0,0,0,400000000,10,0.1,72,0.0832935392966833,0.0793152598713409,0.07,0.000355645291954204,0.00211191966371334,1.94444444444e-05,0.0691129044321798,0.0081307166513121,0.07,4.83518155433625e-05,0.000245287159305745,1.94444444444e-05
11,25,500,981,564.189584,0.02,0,0.05,0,0,0,400000000,10,0.1,72,0.0913673974708037,0.100773804898639,0.07,0.00128170938548538,0.0046218689929475,1.94444444444e-05,0.0742897806152682,0.0519327268600367,0.07,0.000676407724983987,0.00248130333059276,1.94444444444e-05
11,36,500,628,564.189584,0.02,0,0.05,0,0,0,400000000,10,0.1,72,0.0951270701997601,0.105007093644453,0.07,0.000781448725513958,0.00303635470582546,1.94444444444e-05,0.0820552738746854,0.0777776043164289,0.07,0.000530040987361339,0.0025773111350224,1.94444444444e-05
11,49,500,436,564.189584,0.02,0,0.05,0,0,0,400000000,10,0.1,72,0.0828045703005448,0.0773027327339129,0.07,0.000502870826700318,0.00302793162219891,1.94444444444e-05,0.0671142182402982,0.0139371472919966,0.07,1.94444589890486e-05,7.66023194509471e-11,1.94444444444e-05
11,64,500,320,564.189584,0.02,0,0.05,0,0,0,400000000,10,0.1,72,0.0848984971831267,0.0886021824481742,0.07,0.000246803108073631,0.00137348676916571,1.94444444444e-05,0.0754436073311304,0.0544173237452868,0.07,8.77292220504236e-05,0.000441212813254898,1.94444444444e-05
12,25,500,981,564.189584,0.02,0,0.05,0,0,0,400000000,10,0.1,72,0.0770767887396325,0.0546647221364336,0.07,0.00107171243333754,0.00377547953091262,1.94444444444e-05,0.0640352914180913,0.0185574329038282,0.07,0.000286784108032506,0.00106055066397667,1.94444444444e-05
12,36,500,628,564.189584,0.02,0,0.05,0,0,0,400000000,10,0.1,72,0.0831542830446969,0.078325756847905,0.07,0.00050919636688649,0.00220072810882729,1.94444444444e-05,0.0761197578247041,0.0604087326359281,0.07,0.000288390436370051,0.0012055156483517,1.94444444444e-05
12,49,500,436,564.189584,0.02,0,0.05,0,0,0,400000000,10,0.1,72,0.0767499408665417,0.0563957455529223,0.07,0.000205448409068639,0.000814241688974682,1.94444444444e-05,0.0662019554216226,0.015778011565737,0.07,1.94444670908333e-05,1.10786678997006e-10,1.94444444444e-05
12,64,500,320,564.189584,0.02,0,0.05,0,0,0,400000000,10,0.1,72,0.0846633133321248,0.0888012501009249,0.07,0.000364342538947481,0.00190324791119409,1.94444444444e-05,0.0704235386314981,0.0152924086754006,0.07,9.12469558200514e-05,0.000422047253726127,1.94444444444e-05
13,25,500,981,564.189584,0.02,0,0.05,0,0,0,400000000,10,0.1,72,0.0894962101358134,0.0958867303485765,0.07,0.000778222593391304,0.00271993898961551,1.94444444444e-05,0.0758773789514529,0.0678781889804589,0.07,0.000461659154347718,0.00176222906247792,1.94444444444e-05
13,36,500,628,564.189584,0.02,0,0.05,0,0,0,400000000,10,0.1,72,0.0826329905619003,0.0751333226020725,0.07,0.000566631756390826,0.00277936612686056,1.94444444444e-05,0.0755718058037583,0.0527294145322401,0.07,0.000428330445514329,0.00250813750125341,1.94444444444e-05
13,49,500,436,564.189584,0.02,0,0.05,0,0,0,400000000,10,0.1,72,0.0773738678240349,0.0625693433033798,0.07,0.000167549316871686,0.00125671151544123,1.94444444444e-05,0.0691281036192271,0.00739828612003865,0.07,2.09579532306597e-05,1.2842547913796e-05,1.94444444444e-05
13,64,500,320,564.189584,0.02,0,0.05,0,0,0,400000000,10,0.1,72,0.0697720159687617,0.00193450865389048,0.07,5.24583684794514e-05,0.000280132434705149,1.94444444444e-05,0.0697720159687617,0.00193450865389048,0.07,5.24583684794514e-05,0.000280132434705149,1.94444444444e-05
14,25,500,981,564.189584,0.02,0,0.05,0,0,0,400000000,10,0.1,72,0.0841516011656525,0.0862934456846851,0.07,0.000730489828464389,0.00269521371317219,1.94444444444e-05,0.0664336652506256,0.0139790925567418,0.07,0.000217094433545625,0.000853069692584017,1.94444444444e-05
14,36,500,628,564.189584,0.02,0,0.05,0,0,0,400000000,10,0.1,72,0.0767412019298406,0.05755389983914,0.07,0.000485327232835807,0.00233637783552325,1.94444444444e-05,0.069947077728843,0.0017109370593097,0.07,0.000258856426135889,0.000910698484738096,1.94444444444e-05
14,49,500,436,564.189584,0.02,0,0.05,0,0,0,400000000,10,0.1,72,0.0769277909718346,0.0597153592256844,0.07,0.000328789676047168,0.00196139058350491,1.94444444444e-05,0.0671046977887136,0.0139828501026019,0.07,1.94444611109486e-05,8.27241112935904e-11,1.94444444444e-05
14,64,500,320,564.189584,0.02,0,0.05,0,0,0,400000000,10,0.1,72,0.0698719066173251,0.000828161414834416,0.07,9.55651204040834e-05,0.000453558058995192,1.94444444444e-05,0.0681585380344857,0.0109841622521512,0.07,2.33024807869069e-05,3.27364744543499e-05,1.94444444444e-05
15,25,500,981,564.189584,0.02,0,0.05,0,0,0,400000000,10,0.1,72,0.0764934023113269,0.0550729309810287,0.07,0.000778482177004038,0.00466839118826773,1.94444444444e-05,0.0680211487770827,0.0115076897682531,0.07,0.000164344601001538,0.000866147502687919,1.94444444444e-05
15,36,500,628,564.189584,0.02,0,0.05,0,0,0,400000000,10,0.1,72,0.0774661496953562,0.0640599165702414,0.07,0.000248737583867417,0.00157548079771891,1.94444444444e-05,0.0691262436770599,0.00674607683849933,0.07,7.26729012589375e-05,0.000422304339309424,1.94444444444e-05
15,49,500,436,564.189584,0.02,0,0.05,0,0,0,400000000,10,0.1,72,0.0762198423771672,0.0546485882994057,0.07,0.000453975407997597,0.00340961984118399,1.94444444444e-05,0.0680665802340852,0.0115185368613984,0.07,1.94444581017083e-05,8.1749829070366e-11,1.94444444444e-05
15,64,500,320,564.189584,0.02,0,0.05,0,0,0,400000000,10,0.1,72,0.079229346405029,0.0787319299224674,0.07,0.000112003847835683,0.000558923840704652,1.94444444444e-05,0.068913130217655,0.00742845534654675,0.07,5.04022126853611e-05,0.000259240939845875,1.94444444444e-05
16,25,500,981,564.189584,0.02,0,0.05,0,0,0,400000000,10,0.1,72,0.077598213580909,0.0632910559441168,0.07,0.000522955671356508,0.00191028952475174,1.94444444444e-05,0.076469706536591,0.0639711349481208,0.07,0.000447721575878796,0.00182604473395815,1.94444444444e-05
16,36,500,628,564.189584,0.02,0,0.05,0,0,0,400000000,10,0.1,72,0.0771043347189841,0.0600217896785859,0.07,0.000344793744679325,0.00151922849333862,1.94444444444e-05,0.0729043632935788,0.0298420471109554,0.07,0.000243676551485188,0.00100881698259406,1.94444444444e-05
16,49,500,436,564.189584,0.02,0,0.05,0,0,0,400000000,10,0.1,72,0.0790641351557565,0.0784030459406572,0.07,0.000213820430316339,0.00116087801544729,1.94444444444e-05,0.0671221962858483,0.0138986649022322,0.07,1.94444561727069e-05,6.53144759145922e-11,1.94444444444e-05
16,64,500,320,564.189584,0.02,0,0.05,0,0,0,400000000,10,0.1,72,0.0788458723380859,0.0753249727594519,0.07,7.3640905383607e-05,0.000362790820885697,1.94444444444e-05,0.0788458723380859,0.0753249727594519,0.07,7.3640905383607e-05,0.000362790820885697,1.94444444444e-05
17,25,500,981,564.189584,0.02,0,0.05,0,0,0,400000000,10,0.1,72,0.0842749961974537,0.0852961923459093,0.07,0.00116428867907254,0.00489902636533773,1.94444444444e-05,0.0669094735166615,0.0143189079514366,0.07,0.000321995172276371,0.00138713442092551,1.94444444444e-05
17,36,500,628,564.189584,0.02,0,0.05,0,0,0,400000000,10,0.1,72,0.0979411206970325,0.117364424397185,0.07,0.00110695211239162,0.00453546347447313,1.94444444444e-05,0.0822006351481783,0.083483401395016,0.07,0.000763179116677751,0.00407502871376986,1.94444444444e-05
17,49,500,436,564.189584,0.02,0,0.05,0,0,0,400000000,10,0.1,72,0.0771065457189508,0.0625285116565978,0.07,0.000455737932732021,0.0025439770609516,1.94444444444e-05,0.0661340191941689,0.0160517237663376,0.07,1.94444719904944e-05,1.17740250428323e-10,1.94444444444e-05
17,64,500,320,564.189584,0.02,0,0.05,0,0,0,400000000,10,0.1,72,0.0976553914772024,0.11611797890849,0.07,0.000519998223913046,0.00225770506056782,1.94444444444e-05,0.0698632311049599,0.0157401557386641,0.07,9.32119366274472e-05,0.000449437278115596,1.94444444444e-05
18,25,500,981,564.189584,0.02,0,0.05,0,0,0,400000000,10,0.1,72,0.0772713043043143,0.0624906085389887,0.07,0.000747814172894576,0.00218189829958658,1.94444444444e-05,0.0744300523425794,0.0635019944170597,0.07,0.000568388003313921,0.0019930904589171,1.94444444444e-05
18,36,500,628,564.189584,0.02,0,0.05,0,0,0,400000000,10,0.1,72,0.092067799840027,0.107331325269953,0.07,0.00100841803172721,0.0041114188767781,1.94444444444e-05,0.0771411371116966,0.0685720733165923,0.07,0.00056498718862112,0.00290915467188576,1.94444444444e-05
18,49,500,436,564.189584,0.02,0,0.05,0,0,0,400000000,10,0.1,72,0.076219855420417,0.0527772233493207,0.07,0.000214958718543406,0.00165899362841007,1.94444444444e-05,0.069037698550169,0.00816539856865409,0.07,1.94444481866542e-05,3.17540795782004e-11,1.94444444444e-05
18,64,500,320,564.189584,0.02,0,0.05,0,0,0,400000000,10,0.1,72,0.0698234160562243,0.00149836444911009,0.07,5.36520414486847e-05,0.000290261085717916,1.94444444444e-05,0.0691274930154906,0.00740346726455102,0.07,2.34953763502264e-05,3.43732970488174e-05,1.94444444444e-05
19,25,500,981,564.189584,0.02,0,0.05,0,0,0,400000000,10,0.1,72,0.0701434603835214,0.00213997509270081,0.07,0.000445721954742524,0.00144996919482448,1.94444444444e-05,0.0664429125658702,0.0141113521686908,0.07,0.000172901961594344,0.000713314322265208,1.94444444444e-05
19,36,500,628,564.189584,0.02,0,0.05,0,0,0,400000000,10,0.1,72,0.0935765992075862,0.116339064426746,0.07,0.000665596330593174,0.00314743996259964,1.94444444444e-05,0.0680957268661162,0.0115133371896838,0.07,0.000141409328373185,0.00059034537816357,1.94444444444e-05
19,49,500,436,564.189584,0.02,0,0.05,0,0,0,400000000,10,0.1,72,0.076875536218912,0.0609481598036044,0.07,0.000509225113177939,0.00349732311078714,1.94444444444e-05,0.0670997598633565,0.0140066727687993,0.07,1.94444649689389e-05,9.93434827699378e-11,1.94444444444e-05
19,64,500,320,564.189584,0.02,0,0.05,0,0,0,400000000,10,0.1,72,0.0875616110399809,0.104100870294541,0.07,0.000415979232181372,0.00216414081171553,1.94444444444e-05,0.0776546017747253,0.0702228621884174,0.07,0.000258763009983524,0.00169604894208711,1.94444444444e-05
20,25,500,981,564.189584,0.02,0,0.05,0,0,0,400000000,10,0.1,72,0.0842233916731505,0.0854573443290317,0.07,0.000909835529190325,0.00354924918029719,1.94444444444e-05,0.0699756218857022,0.0182234310267523,0.07,0.000384815058280349,0.00131555307315879,1.94444444444e-05
20,36,500,628,564.189584,0.02,0,0.05,0,0,0,400000000,10,0.1,72,0.0780677707360916,0.0718647243861362,0.07,0.000378630060024685,0.0012966656283442,1.94444444444e-05,0.0780677707360916,0.0718647243861362,0.07,0.000378630060024685,0.0012966656283442,1.94444444444e-05
20,49,500,436,564.189584,0.02,0,0.05,0,0,0,400000000,10,0.1,72,0.0695348448727036,0.0022211437874913,0.07,0.000164205615591553,0.000610463159057619,1.94444444444e-05,0.0661368862746053,0.0160398066565066,0.07,1.94444678238569e-05,9.7667884444895e-11,1.94444444444e-05
20,64,500,320,564.189584,0.02,0,0.05,0,0,0,400000000,10,0.1,72,0.0696491965440488,0.00184515267540593,0.07,0.000108670465246257,0.000436807009291772,1.94444444444e-05,0.0688530504490797,0.00804308603976319,0.07,8.51266375836792e-05,0.000387018114951932,1.94444444444e-05
21,25,500,981,564.189584,0.02,0,0.05,0,0,0,400000000,10,0.1,72,0.0816844169260261,0.0697452212555172,0.07,0.000753156496898571,0.00227298225984886,1.94444444444e-05,0.0670642540916317,0.0133802420100546,0.07,0.000457373578604722,0.0014854777608449,1.94444444444e-05
21,36,500,628,564.189584,0.02,0,0.05,0,0,0,400000000,10,0.1,72,0.098827638189212,0.121091775881708,0.07,0.000831306693043673,0.00291065064098983,1.94444444444e-05,0.09111863879012,0.108602041157244,0.07,0.000682661710710569,0.00262951342152813,1.94444444444e-05
21,49,500,436,564.189584,0.02,0,0.05,0,0,0,400000000,10,0.1,72,0.0798470494097836,0.0609567577091104,0.07,0.000385023333985868,0.00199328513205108,1.94444444444e-05,0.0705182312937482,0.0400701142346419,0.07,0.000194668623243092,0.00148682628838297,1.94444444444e-05
21,64,500,320,564.189584,0.02,0,0.05,0,0,0,400000000,10,0.1,72,0.0743012761014742,0.0407927628059247,0.07,0.000208966099807713,0.000880283981893025,1.94444444444e-05,0.0696957957750073,0.00958015980525666,0.07,0.000127546983996599,0.000505973548147865,1.94444444444e-05
22,25,500,981,564.189584,0.02,0,0.05,0,0,0,400000000,10,0.1,72,0.089316328323861,0.0919845153434474,0.07,0.001643539076605,0.00586455644041351,1.94444444444e-05,0.0687479411465854,0.0535187492444985,0.07,0.000351920071958726,0.00141206212345281,1.94444444444e-05
22,36,500,628,564.189584,0.02,0,0.05,0,0,0,400000000,10,0.1,72,0.113639241493842,0.14677298889748,0.07,0.00148755449281201,0.00470668005257787,1.94444444444e-05,0.0878159993002836,0.100444746081435,0.07,0.000856090247524535,0.00358675667518509,1.94444444444e-05
22,49,500,436,564.189584,0.02,0,0.05,0,0,0,400000000,10,0.1,72,0.0750511989781315,0.0419684130309994,0.07,0.00023932195150195,0.000930166393987201,1.94444444444e-05,0.0661590690771245,0.0159491166158806,0.07,1.9444469135575e-05,1.15092649285176e-10,1.94444444444e-05
22,64,500,320,564.189584,0.02,0,0.05,0,0,0,400000000,10,0.1,72,0.0939667375853251,0.117105225969242,0.07,0.000431494738643089,0.00188834332903683,1.94444444444e-05,0.0669569463571466,0.0138280501819639,0.07,5.86502876121417e-05,0.00033267256132865,1.94444444444e-05
23,25,500,981,564.189584,0.02,0,0.05,0,0,0,400000000,10,0.1,72,0.0698433158820352,0.00273390864098484,0.07,0.000768429772721875,0.00187592624700956,1.94444444444e-05,0.0652561228226936,0.0165247809574617,0.07,0.000452063665792363,0.00138070880633614,1.94444444444e-05
23,36,500,628,564.189584,0.02,0,0.05,0,0,0,400000000,10,0.1,72,0.101222420585566,0.12080895889586,0.07,0.000757793397936904,0.00288406753745259,1.94444444444e-05,0.0666089337065671,0.0135104818945837,0.07,0.000141453261832803,0.000584833797472287,1.94444444444e-05
23,49,500,436,564.189584,0.02,0,0.05,0,0,0,400000000,10,0.1,72,0.0697733345256449,0.00138287983202912,0.07,9.47043827136306e-05,0.000448370103349291,1.94444444444e-05,0.0680677971471776,0.0115112854622431,0.07,1.94444566356694e-05,7.26680636564783e-11,1.94444444444e-05
23,64,500,320,564.189584,0.02,0,0.05,0,0,0,400000000,10,0.1,72,0.0764139354410821,0.0544240469337826,0.07,0.000187414640602382,0.00142527437688652,1.94444444444e-05,0.0690396342835356,0.00814897332637336,0.07,1.94444475693764e-05,2.65163039476079e-11,1.94444444444e-05
24,25,500,981,564.189584,0.02,0,0.05,0,0,0,400000000,10,0.1,72,0.110594577057861,0.137173918712531,0.07,0.00204526989699607,0.00651029383149967,1.94444444444e-05,0.0758631639900203,0.0775869488621427,0.07,0.000575221712098719,0.00247906568753505,1.94444444444e-05
24,36,500,628,564.189584,0.02,0,0.05,0,0,0,400000000,10,0.1,72,0.109026718465139,0.131876402610606,0.07,0.00140668755222872,0.00468833122246314,1.94444444444e-05,0.07799699071648,0.0732798395721563,0.07,0.000700300176026747,0.00347461413770163,1.94444444444e-05
24,49,500,436,564.189584,0.02,0,0.05,0,0,0,400000000,10,0.1,72,0.0835872367822921,0.0821190707379829,0.07,0.000444045020915515,0.00190278351820023,1.94444444444e-05,0.0642563125985561,0.0191874565267785,0.07,1.94444762728764e-05,1.1917254581643e-10,1.94444444444e-05
24,64,500,320,564.189584,0.02,0,0.05,0,0,0,400000000,10,0.1,72,0.0898440887107326,0.0973688782718051,0.07,0.00051854280422744,0.00235111500245584,1.94444444444e-05,0.0669845138491343,0.0135073023491958,0.07,0.000103731532678988,0.000495584619870757,1.94444444444e-05
25,25,500,981,564.189584,0.02,0,0.05,0,0,0,400000000,10,0.1,72,0.0697936433508122,0.00285278685017567,0.07,0.000405046785169613,0.00140488056793203,1.94444444444e-05,0.0675684474792309,0.0110381943456691,0.07,0.000264652937098389,0.00109737142704305,1.94444444444e-05
25,36,500,628,564.189584,0.02,0,0.05,0,0,0,400000000,10,0.1,72,0.0847916404167594,0.0881559457895509,0.07,0.000587622737564829,0.00308931351213986,1.94444444444e-05,0.0680708600337776,0.0114764793528836,0.07,7.78838941806292e-05,0.000495875101997618,1.94444444444e-05
25,49,500,436,564.189584,0.02,0,0.05,0,0,0,400000000,10,0.1,72,0.0697996102284781,0.0017003635958832,0.07,5.26204555796833e-05,0.000281507789357751,1.94444444444e-05,0.0690340101095077,0.00819669602549777,0.07,1.94444504242986e-05,5.07411223045707e-11,1.94444444444e-05
25,64,500,320,564.189584,0.02,0,0.05,0,0,0,400000000,10,0.1,72,0.0700147365828889,0.000125044052306399,0.07,5.37179408948917e-05,0.000290820261061389,1.94444444444e-05,0.0691928340649128,0.00684903007491516,0.07,2.49513527657319e-05,4.67276666086373e-05,1.94444444444e-05
26,25,500,981,564.189584,0.02,0,0.05,0,0,0,400000000,10,0.1,72,0.106935863389487,0.135349102577663,0.07,0.00218521679276857,0.00678011462513607,1.94444444444e-05,0.0954168505264811,0.11659245228162,0.07,0.00176151709219523,0.00628259290091338,1.94444444444e-05
26,36,500,628,564.189584,0.02,0,0.05,0,0,0,400000000,10,0.1,72,0.0975183662427894,0.115500147998529,0.07,0.00113464169489758,0.00418989122203588,1.94444444444e-05,0.0744111165768299,0.0586594775634895,0.07,0.000615687359914746,0.00312801130536079,1.94444444444e-05
26,49,500,436,564.189584,0.02,0,0.05,0,0,0,400000000,10,0.1,72,0.0894681382379096,0.0955363507312881,0.07,0.000689543455411536,0.00286809997661544,1.94444444444e-05,0.0651810823028436,0.017764001236016,0.07,1.94444692513208e-05,9.74780816274385e-11,1.94444444444e-05
26,64,500,320,564.189584,0.02,0,0.05,0,0,0,400000000,10,0.1,72,0.0848277995543102,0.0895233213888811,0.07,0.000489282213347993,0.00214341116380991,1.94444444444e-05,0.0688466325663469,0.00887060765565483,0.07,0.000153624037347261,0.000570675463026144,1.94444444444e-05
27,25,500,981,564.189584,0.02,0,0.05,0,0,0,400000000,10,0.1,72,0.0831029476147136,0.0794253762867734,0.07,0.00119930823941517,0.00491712533344748,1.94444444444e-05,0.0661027650603143,0.015426728505076,0.07,0.000275133475684721,0.00119466803873138,1.94444444444e-05
27,36,500,628,564.189584,0.02,0,0.05,0,0,0,400000000,10,0.1,72,0.0968455158258864,0.111633198120208,0.07,0.000927921769010554,0.0036449498557552,1.94444444444e-05,0.0776604327333919,0.0643414101977008,0.07,0.000396222585683365,0.00228865812173535,1.94444444444e-05
27,49,500,436,564.189584,0.02,0,0.05,0,0,0,400000000,10,0.1,72,0.0697163352323183,0.00151895471117718,0.07,0.000165952768739201,0.000731256984539018,1.94444444444e-05,0.0670985065153361,0.0140127312554292,0.07,1.94444674380542e-05,1.13517875834792e-10,1.94444444444e-05
27,64,500,320,564.189584,0.02,0,0.05,0,0,0,400000000,10,0.1,72,0.0894641748556622,0.0948202974431486,0.07,0.000314507044088298,0.00151632170612279,1.94444444444e-05,0.0671529743619707,0.0137501632653573,0.07,1.94444497684375e-05,2.72073817982506e-11,1.94444444444e-05
28,25,500,981,564.189584,0.02,0,0.05,0,0,0,400000000,10,0.1,72,0.0698861446136669,0.00193226720851673,0.07,0.000494677075520321,0.00142607165686982,1.94444444444e-05,0.067699528866364,0.011824166745796,0.07,0.000371204038241019,0.00123581911816344,1.94444444444e-05
28,36,500,628,564.189584,0.02,0,0.05,0,0,0,400000000,10,0.1,72,0.0920165841849087,0.106592638701997,0.07,0.000803719276403379,0.00402794597758408,1.94444444444e-05,0.0813682968596256,0.0664044104457988,0.07,0.000518875967830594,0.00297214643652346,1.94444444444e-05
28,49,500,436,564.189584,0.02,0,0.05,0,0,0,400000000,10,0.1,72,0.07,2.79503539745159e-17,0.07,1.94444444444e-05,3.41190844415478e-21,1.94444444444e-05,0.07,2.79503539745159e-17,0.07,1.94444444444e-05,3.41190844415478e-21,1.94444444444e-05
28,64,500,320,564.189584,0.02,0,0.05,0,0,0,400000000,10,0.1,72,0.07,2.79503539745159e-17,0.07,1.94444444444e-05,3.41190844415478e-21,1.94444444444e-05,0.07,2.79503539745159e-17,0.07,1.94444444444e-05,3.41190844415478e-21,1.94444444444e-05
29,25,500,981,564.189584,0.02,0,0.05,0,0,0,400000000,10,0.1,72,0.0859714423338529,0.0951812867596706,0.07,0.000733391825652976,0.00452797372540517,1.94444444444e-05,0.0680709887894275,0.0114923145320936,0.07,1.94444553625292e-05,6.88637712818765e-11,1.94444444444e-05
29,36,500,628,564.189584,0.02,0,0.05,0,0,0,400000000,10,0.1,72,0.0830588199454589,0.0778449864077424,0.07,0.000582146505130272,0.00352246770695878,1.94444444444e-05,0.0757883760966584,0.0579711554694793,0.07,0.000390287570231369,0.00314670823679916,1.94444444444e-05
29,49,500,436,564.189584,0.02,0,0.05,0,0,0,400000000,10,0.1,72,0.0773766177943026,0.0637074658620964,0.07,0.00028267827672145,0.00190478026108136,1.94444444444e-05,0.0680712700141775,0.0114906345473671,0.07,1.94444549767319e-05,6.59432802663748e-11,1.94444444444e-05
29,64,500,320,564.189584,0.02,0,0.05,0,0,0,400000000,10,0.1,72,0.0866831591089233,0.100661539090746,0.07,0.000288948589795894,0.00184940768150045,1.94444444444e-05,0.0724951036236243,0.0301551335262623,0.07,0.000135046327442453,0.000980914498322803,1.94444444444e-05
30,25,500,981,564.189584,0.02,0,0.05,0,0,0,400000000,10,0.1,72,0.0768547457229611,0.0607673241249556,0.07,0.000737345652657694,0.00285399927019941,1.94444444444e-05,0.0649388552622172,0.0173413209445055,0.07,0.000198751730047414,0.000841960573076154,1.94444444444e-05
30,36,500,628,564.189584,0.02,0,0.05,0,0,0,400000000,10,0.1,72,0.083433742625813,0.0820958588219365,0.07,0.000598816099038254,0.00275111116506796,1.94444444444e-05,0.0737682338131851,0.0425999591154469,0.07,0.000321796683687654,0.00158393853439115,1.94444444444e-05
30,49,500,436,564.189584,0.02,0,0.05,0,0,0,400000000,10,0.1,72,0.0769004614088273,0.0637256969926742,0.07,0.000460344048850213,0.00285022371195186,1.94444444444e-05,0.0661356637260302,0.0160448868883164,0.07,1.94444693670528e-05,1.05023167756587e-10,1.94444444444e-05
30,64,500,320,564.189584,0.02,0,0.05,0,0,0,400000000,10,0.1,72,0.0768804963904817,0.0601794405324552,0.07,0.000217233090910396,0.00117963584580518,1.94444444444e-05,0.0671140811380561,0.0139376611991087,0.07,1.94444571757833e-05,6.51387269872048e-11,1.94444444444e-05
31,25,500,981,564.189584,0.02,0,0.05,0,0,0,400000000,10,0.1,72,0.0904456339892313,0.0970828736276434,0.07,0.00129365811175882,0.00368920960514395,1.94444444444e-05,0.0831673886136358,0.0662835778464103,0.07,0.00104165263419965,0.0027138584645938,1.94444444444e-05
31,36,500,628,564.189584,0.02,0,0.05,0,0,0,400000000,10,0.1,72,0.10688233918239,0.12354953497699,0.07,0.00126219400027219,0.00420790654388157,1.94444444444e-05,0.0844177882601225,0.0816481758459138,0.07,0.000857787777338168,0.00365676405198929,1.94444444444e-05
31,49,500,436,564.189584,0.02,0,0.05,0,0,0,400000000,10,0.1,72,0.0974804125579914,0.115689325723194,0.07,0.00121003979514444,0.00478764734772106,1.94444444444e-05,0.0647604802705142,0.017732135443189,0.07,3.79568381347347e-05,0.000111127808250442,1.94444444444e-05
31,64,500,320,564.189584,0.02,0,0.05,0,0,0,400000000,10,0.1,72,0.106910710470232,0.136817328182068,0.07,0.00108906779066402,0.00403288528514371,1.94444444444e-05,0.0803689557358165,0.0791266328312024,0.07,0.000478146407837254,0.00271287428775028,1.94444444444e-05
32,25,500,981,564.189584,0.02,0,0.05,0,0,0,400000000,10,0.1,72,0.0751475774062596,0.0425832082170831,0.07,0.000240220813283672,0.000994147506440816,1.94444444444e-05,0.068154207322844,0.011049278859318,0.07,0.000155212204010185,0.000808109009696413,1.94444444444e-05
32,36,500,628,564.189584,0.02,0,0.05,0,0,0,400000000,10,0.1,72,0.0761860996000568,0.0523966647557748,0.07,0.000284595230586638,0.00184942255070838,1.94444444444e-05,0.0690478130388981,0.00817431545908546,0.07,7.24294911299764e-05,0.000449592994565165,1.94444444444e-05
32,49,500,436,564.189584,0.02,0,0.05,0,0,0,400000000,10,0.1,72,0.0700193830930109,0.000164470998100087,0.07,6.57247433477806e-05,0.000392701358279049,1.94444444444e-05,0.0690335307100582,0.00820076386471693,0.07,1.94444509258347e-05,5.49967973267819e-11,1.94444444444e-05
32,64,500,320,564.189584,0.02,0,0.05,0,0,0,400000000,10,0.1,72,0.06985491991769,0.00123104532019815,0.07,5.52469704843986e-05,0.000303794507357892,1.94444444444e-05,0.0690339704140118,0.00819703285294954,0.07,1.94444504628764e-05,5.10684656040371e-11,1.94444444444e-05
33,25,500,981,564.189584,0.02,0,0.05,0,0,0,400000000,10,0.1,72,0.0831878459945521,0.0823544077129117,0.07,0.00104945067044667,0.00460610403764245,1.94444444444e-05,0.0710663131221296,0.0382635797298604,0.07,0.000371877872854854,0.00163875580207869,1.94444444444e-05
33,36,500,628,564.189584,0.02,0,0.05,0,0,0,400000000,10,0.1,72,0.0765854744558612,0.057639445098396,0.07,0.000311882062582074,0.00147030509573239,1.94444444444e-05,0.070551021322296,0.00729593085971331,0.07,0.000187069499047554,0.000699182399967123,1.94444444444e-05
33,49,500,436,564.189584,0.02,0,0.05,0,0,0,400000000,10,0.1,72,0.0774215455206534,0.0641851595212272,0.07,0.000318906464525062,0.00228276210828206,1.94444444444e-05,0.0680711539720594,0.0114912907326688,0.07,1.94444540893972e-05,5.77797471910076e-11,1.94444444444e-05
33,64,500,320,564.189584,0.02,0,0.05,0,0,0,400000000,10,0.1,72,0.0769489837853266,0.0560953981334781,0.07,0.000203526047007868,0.00155177465516771,1.94444444444e-05,0.0688177038455414,0.0083422576751925,0.07,2.00088006834625e-05,4.78869293419763e-06,1.94444444444e-05
34,25,500,981,564.189584,0.02,0,0.05,0,0,0,400000000,10,0.1,72,0.0784454174737671,0.0691200942950291,0.07,0.0011623916317624,0.00510422221261338,1.94444444444e-05,0.067340009009,0.0141614430208181,0.07,0.000440154451297889,0.0015637497258122,1.94444444444e-05
34,36,500,628,564.189584,0.02,0,0.05,0,0,0,400000000,10,0.1,72,0.0991307365203777,0.12105459024682,0.07,0.000748791087729272,0.00307854083146488,1.94444444444e-05,0.0738744600021562,0.0588391070712567,0.07,0.000175770981841847,0.00131852802961844,1.94444444444e-05
34,49,500,436,564.189584,0.02,0,0.05,0,0,0,400000000,10,0.1,72,0.07013353942994,0.00113311963759558,0.07,8.30628337298181e-05,0.000539819933662617,1.94444444444e-05,0.069032452061297,0.0082099165029595,0.07,1.944445243045e-05,6.77638813186001e-11,1.94444444444e-05
34,64,500,320,564.189584,0.02,0,0.05,0,0,0,400000000,10,0.1,72,0.0753506430611054,0.045401711906596,0.07,8.41593870168722e-05,0.000549124496845117,1.94444444444e-05,0.0690540541891882,0.00802661636952055,0.07,1.94444458332792e-05,1.17850305238243e-11,1.94444444444e-05
35,25,500,981,564.189584,0.02,0,0.05,0,0,0,400000000,10,0.1,72,0.0909659792004016,0.0996634847486727,0.07,0.00208110957637052,0.00731566302893967,1.94444444444e-05,0.0798773175969249,0.0843772443610628,0.07,0.00152622944884794,0.00676662353434197,1.94444444444e-05
35,36,500,628,564.189584,0.02,0,0.05,0,0,0,400000000,10,0.1,72,0.107582153704061,0.128684587072089,0.07,0.00132152072059948,0.00425422503424441,1.94444444444e-05,0.0943727733407436,0.105472108149458,0.07,0.00111982968860405,0.00386917087693326,1.94444444444e-05
35,49,500,436,564.189584,0.02,0,0.05,0,0,0,400000000,10,0.1,72,0.0829999028512409,0.0808711274740822,0.07,0.00098488278091358,0.00455417535738194,1.94444444444e-05,0.0623194072554032,0.0218803267737061,0.07,1.94444919363264e-05,1.45693763716268e-10,1.94444444444e-05
35,64,500,320,564.189584,0.02,0,0.05,0,0,0,400000000,10,0.1,72,0.103457558196045,0.127247699453803,0.07,0.000507845402362142,0.0019098189218408,1.94444444444e-05,0.0727499980119977,0.0601749800510397,0.07,9.75383157273445e-05,0.000501252967702632,1.94444444444e-05
36,25,500,981,564.189584,0.02,0,0.05,0,0,0,400000000,10,0.1,72,0.0907982020388981,0.0997478904196072,0.07,0.000979789068751403,0.0036134924359958,1.94444444444e-05,0.0712629902413227,0.062866988018472,0.07,0.000223719471025618,0.00168406439722741,1.94444444444e-05
36,36,500,628,564.189584,0.02,0,0.05,0,0,0,400000000,10,0.1,72,0.0831656477250828,0.0787605141255434,0.07,0.000832119710168476,0.0043647328922589,1.94444444444e-05,0.0831656477250828,0.0787605141255434,0.07,0.000832119710168476,0.0043647328922589,1.94444444444e-05
36,49,500,436,564.189584,0.02,0,0.05,0,0,0,400000000,10,0.1,72,0.0825837120247203,0.0760712442390995,0.07,0.000488748867165722,0.00242529333523816,1.94444444444e-05,0.066145433775524,0.016004366904364,0.07,1.94444634257431e-05,8.29693936175462e-11,1.94444444444e-05
36,64,500,320,564.189584,0.02,0,0.05,0,0,0,400000000,10,0.1,72,0.0833939472146015,0.0811434395246077,0.07,0.000437685574269817,0.00249072419371678,1.94444444444e-05,0.0773045100976756,0.063001002582795,0.07,0.000333825066394117,0.00230039822186312,1.94444444444e-05
37,25,500,981,564.189584,0.02,0,0.05,0,0,0,400000000,10,0.1,72,0.081917915797571,0.0719608026274151,0.07,0.000415413551565899,0.00198024204714256,1.94444444444e-05,0.0685997237686636,0.0165903503017414,0.07,6.16941475086458e-05,0.000250530914627797,1.94444444444e-05
37,36,500,628,564.189584,0.02,0,0.05,0,0,0,400000000,10,0.1,72,0.0776000550088435,0.0643163799407244,0.07,0.000523862439060646,0.0033972260618104,1.94444444444e-05,0.0776000550088435,0.0643163799407244,0.07,0.000523862439060646,0.0033972260618104,1.94444444444e-05
37,49,500,436,564.189584,0.02,0,0.05,0,0,0,400000000,10,0.1,72,0.0837624852015668,0.0820383831555435,0.07,0.000442649894258498,0.00253612224556354,1.94444444444e-05,0.0671189149774304,0.0139146222811347,0.07,1.944445783165e-05,7.20051907614743e-11,1.94444444444e-05
37,64,500,320,564.189584,0.02,0,0.05,0,0,0,400000000,10,0.1,72,0.0764209574676325,0.057504022515784,0.07,0.000271785031238732,0.00158221123506092,1.94444444444e-05,0.0736699775415145,0.0393310008571215,0.07,0.000193332081108358,0.00112578426389091,1.94444444444e-05
38,25,500,981,564.189584,0.02,0,0.05,0,0,0,400000000,10,0.1,72,0.0834509961859724,0.081456149004164,0.07,0.00105203934990482,0.00474788237754295,1.94444444444e-05,0.0677869078553093,0.0144645758882099,0.07,0.000223759926816125,0.000872560161857579,1.94444444444e-05
38,36,500,628,564.189584,0.02,0,0.05,0,0,0,400000000,10,0.1,72,0.0898495161349902,0.096206684813948,0.07,0.000735011537467629,0.00315078009975893,1.94444444444e-05,0.0705850000309122,0.0247988802118655,0.07,0.000179494670530846,0.000781131370680008,1.94444444444e-05
38,49,500,436,564.189584,0.02,0,0.05,0,0,0,400000000,10,0.1,72,0.0698679528632552,0.00120381844939859,0.07,0.000213373767149667,0.000831983541861805,1.94444444444e-05,0.0661329311570891,0.0160562348000432,0.07,1.94444729549889e-05,1.21185475715867e-10,1.94444444444e-05
38,64,500,320,564.189584,0.02,0,0.05,0,0,0,400000000,10,0.1,72,0.0910704012938943,0.101971657106863,0.07,0.000521634809486957,0.00242488643999944,1.94444444444e-05,0.0676837714149005,0.0118520624134173,0.07,6.15025262471833e-05,0.00030089215354411,1.94444444444e-05
39,25,500,981,564.189584,0.02,0,0.05,0,0,0,400000000,10,0.1,72,0.0873443046066863,0.0903294923967098,0.07,0.00106253275363185,0.00393597509009366,1.94444444444e-05,0.0832455808594195,0.0758577340547552,0.07,0.0008754112069235,0.00330406095655621,1.94444444444e-05
39,36,500,628,564.189584,0.02,0,0.05,0,0,0,400000000,10,0.1,72,0.106549796250564,0.135228555426955,0.07,0.00151347974363823,0.00565261546068585,1.94444444444e-05,0.0981399908971918,0.120663132222847,0.07,0.00129389038163352,0.005370837940611,1.94444444444e-05
39,49,500,436,564.189584,0.02,0,0.05,0,0,0,400000000,10,0.1,72,0.0838948389686909,0.083174923334901,0.07,0.000647478010764436,0.00326367111482425,1.94444444444e-05,0.0724200441470089,0.0475599365305244,0.07,0.000265480427661078,0.00208768438942192,1.94444444444e-05
39,64,500,320,564.189584,0.02,0,0.05,0,0,0,400000000,10,0.1,72,0.0885597002949259,0.0908892195115582,0.07,0.000352696883054056,0.00161224466017958,1.94444444444e-05,0.0735631231574397,0.0480186960052288,0.07,0.000130147199196311,0.000939343987784209,1.94444444444e-05
40,25,500,981,564.189584,0.02,0,0.05,0,0,0,400000000,10,0.1,72,0.0905984750460441,0.0987165755417243,0.07,0.00147828848925716,0.00545144722619656,1.94444444444e-05,0.0728979160485881,0.0502163337089051,0.07,0.000634870388498137,0.00295451600747237,1.94444444444e-05
40,36,500,628,564.189584,0.02,0,0.05,0,0,0,400000000,10,0.1,72,0.0834654873543817,0.0796645817864504,0.07,0.000593318273771347,0.00329322284939854,1.94444444444e-05,0.0755372704204861,0.0609316608293926,0.07,0.000449739533866102,0.00318785745793447,1.94444444444e-05
40,49,500,436,564.189584,0.02,0,0.05,0,0,0,400000000,10,0.1,72,0.07635025559661,0.0544695329442908,0.07,0.00030867156315913,0.00209712260966743,1.94444444444e-05,0.0672675625970523,0.0132150309933756,0.07,2.10742325634597e-05,1.38291470320605e-05,1.94444444444e-05
40,64,500,320,564.189584,0.02,0,0.05,0,0,0,400000000,10,0.1,72,0.075579298666635,0.0477013995907989,0.07,0.000224383153334328,0.00146890708901167,1.94444444444e-05,0.0702251952571731,0.0130917298540626,0.07,7.50387354235972e-05,0.000471733156943467,1.94444444444e-05
41,25,500,981,564.189584,0.02,0,0.05,0,0,0,400000000,10,0.1,72,0.0853649639893237,0.0918865852497646,0.07,0.00123240103606725,0.00547529164112572,1.94444444444e-05,0.0754555688144223,0.0409564255642473,0.07,0.000779646686329957,0.00325771718166753,1.94444444444e-05
41,36,500,628,564.189584,0.02,0,0.05,0,0,0,400000000,10,0.1,72,0.0984702537781254,0.118195667769311,0.07,0.000906750443922797,0.00325490160015512,1.94444444444e-05,0.0818408796915994,0.0824543456947702,0.07,0.000521623033459057,0.00236948168411922,1.94444444444e-05
41,49,500,436,564.189584,0.02,0,0.05,0,0,0,400000000,10,0.1,72,0.0856853063270471,0.0947729683795911,0.07,0.000656785083411161,0.00379998130966131,1.94444444444e-05,0.0661470669259298,0.0159977639297222,0.07,1.94444650075264e-05,9.08564574331473e-11,1.94444444444e-05
41,64,500,320,564.189584,0.02,0,0.05,0,0,0,400000000,10,0.1,72,0.0900409846819017,0.0987051631002231,0.07,0.000363169839298344,0.00179677383374172,1.94444444444e-05,0.0673597636604402,0.0119588993647023,0.07,5.93355241340056e-05,0.000290535211468059,1.94444444444e-05
42,25,500,981,564.189584,0.02,0,0.05,0,0,0,400000000,10,0.1,72,0.0699400179756643,0.000750561142612179,0.07,0.000227970759635846,0.001009297381262,1.94444444444e-05,0.068475947589802,0.00898634511392423,0.07,0.000122187718460251,0.000628090199243158,1.94444444444e-05
42,36,500,628,564.189584,0.02,0,0.05,0,0,0,400000000,10,0.1,72,0.0764533715876251,0.0559649516575688,0.07,0.000251822829035478,0.00168133430383341,1.94444444444e-05,0.0756437596816059,0.0491724457268575,0.07,0.000230743531522758,0.00150859587274174,1.94444444444e-05
42,49,500,436,564.189584,0.02,0,0.05,0,0,0,400000000,10,0.1,72,0.07,2.79503539745159e-17,0.07,1.94444444444e-05,3.41190844415478e-21,1.94444444444e-05,0.07,2.79503539745159e-17,0.07,1.94444444444e-05,3.41190844415478e-21,1.94444444444e-05
42,64,500,320,564.189584,0.02,0,0.05,0,0,0,400000000,10,0.1,72,0.07,2.79503539745159e-17,0.07,1.94444444444e-05,3.41190844415478e-21,1.94444444444e-05,0.07,2.79503539745159e-17,0.07,1.94444444444e-05,3.41190844415478e-21,1.94444444444e-05
43,25,500,981,564.189584,0.02,0,0.05,0,0,0,400000000,10,0.1,72,0.0701616635399584,0.000940388838267413,0.07,0.000412569423418525,0.00146745245555106,1.94444444444e-05,0.0678302720928784,0.011669932131607,0.07,0.000249447075262994,0.00111699899179018,1.94444444444e-05
43,36,500,628,564.189584,0.02,0,0.05,0,0,0,400000000,10,0.1,72,0.0971138659667417,0.112766662418252,0.07,0.0008019166325736,0.00335740010493901,1.94444444444e-05,0.071004171236196,0.0329282114345303,0.07,0.000109784080649482,0.000694042442373923,1.94444444444e-05
43,49,500,436,564.189584,0.02,0,0.05,0,0,0,400000000,10,0.1,72,0.0699096080709222,0.00076700095218567,0.07,7.08594360086347e-05,0.000436270670276634,1.94444444444e-05,0.0690323856042644,0.00821048040958041,0.07,1.94444525461931e-05,6.87459937121782e-11,1.94444444444e-05
43,64,500,320,564.189584,0.02,0,0.05,0,0,0,400000000,10,0.1,72,0.0792429597385308,0.0784291141121924,0.07,0.000152539258314725,0.00112934694514162,1.94444444444e-05,0.0690484634929068,0.00807405500054663,0.07,1.94444462190778e-05,1.50586402932441e-11,1.94444444444e-05
44,25,500,981,564.189584,0.02,0,0.05,0,0,0,400000000,10,0.1,72,0.0763500032088626,0.0537533721899643,0.07,0.000620707162148776,0.00274927835853841,1.94444444444e-05,0.0676919200101667,0.0116812314345721,0.07,0.000230827697667969,0.00103729168655925,1.94444444444e-05
44,36,500,628,564.189584,0.02,0,0.05,0,0,0,400000000,10,0.1,72,0.0892826021503666,0.0947811004299775,0.07,0.000429437060698115,0.00194455520179518,1.94444444444e-05,0.0724595077416941,0.0296346892567415,0.07,0.000146413494066969,0.000550831076551601,1.94444444444e-05
44,49,500,436,564.189584,0.02,0,0.05,0,0,0,400000000,10,0.1,72,0.0699739421293073,0.00216007054723379,0.07,0.000216327210756992,0.00082773368693837,1.94444444444e-05,0.0661323651214203,0.0160585767837349,0.07,1.94444727235167e-05,1.17833055140589e-10,1.94444444444e-05
44,64,500,320,564.189584,0.02,0,0.05,0,0,0,400000000,10,0.1,72,0.0820931852318729,0.0733012653180831,0.07,0.000311697730379953,0.00153186929287959,1.94444444444e-05,0.0688106411116145,0.0081919607721426,0.07,7.81506884488639e-05,0.000377370082045511,1.94444444444e-05
45,25,500,981,564.189584,0.02,0,0.05,0,0,0,400000000,10,0.1,72,0.0826099923185866,0.0761801332608893,0.07,0.000930182515914936,0.0056239136263177,1.94444444444e-05,0.0747329259638238,0.0550239853269214,0.07,0.000768712162024973,0.00557166581219017,1.94444444444e-05
45,36,500,628,564.189584,0.02,0,0.05,0,0,0,400000000,10,0.1,72,0.0836084631119719,0.0812214895837179,0.07,0.000429162996534458,0.00222465033159466,1.94444444444e-05,0.0711125104759613,0.00688933980625018,0.07,0.000156440708812583,0.000728947364690974,1.94444444444e-05
45,49,500,436,564.189584,0.02,0,0.05,0,0,0,400000000,10,0.1,72,0.0765706782866568,0.0557540540818822,0.07,0.000140698890914611,0.00102887809617729,1.94444444444e-05,0.0690445403663784,0.00810734383300665,0.07,1.94444466434597e-05,1.86596405017191e-11,1.94444444444e-05
45,64,500,320,564.189584,0.02,0,0.05,0,0,0,400000000,10,0.1,72,0.0699948829750562,4.34193964472123e-05,0.07,6.56491602518847e-05,0.000392060014443237,1.94444444444e-05,0.0699948829750562,4.34193964472123e-05,0.07,6.56491602518847e-05,0.000392060014443237,1.94444444444e-05
46,25,500,981,564.189584,0.02,0,0.05,0,0,0,400000000,10,0.1,72,0.0766581091626448,0.0584519562905355,0.07,0.000487690690636007,0.00245056878596789,1.94444444444e-05,0.0685412480344365,0.00847716063014095,0.07,0.000197447644897054,0.000872639592612755,1.94444444444e-05
46,36,500,628,564.189584,0.02,0,0.05,0,0,0,400000000,10,0.1,72,0.0701980099851462,0.00164205491783056,0.07,0.000137618231923296,0.000626719346993078,1.94444444444e-05,0.0701980099851462,0.00164205491783056,0.07,0.000137618231923296,0.000626719346993078,1.94444444444e-05
46,49,500,436,564.189584,0.02,0,0.05,0,0,0,400000000,10,0.1,72,0.0699703617816414,0.000251488622203963,0.07,6.70890695790722e-05,0.000404278050237813,1.94444444444e-05,0.0690330906056457,0.0082044982744913,0.07,1.94444514659556e-05,5.95798745736442e-11,1.94444444444e-05
46,64,500,320,564.189584,0.02,0,0.05,0,0,0,400000000,10,0.1,72,0.0791376271670542,0.0775353376053414,0.07,0.000224179661998556,0.00173723592816296,1.94444444444e-05,0.0690410960273962,0.00813657001841876,0.07,1.94444472221556e-05,2.35700374776545e-11,1.94444444444e-05
47,25,500,981,564.189584,0.02,0,0.05,0,0,0,400000000,10,0.1,72,0.0847920888051565,0.0893585742378485,0.07,0.000694532691964667,0.0039345177131194,1.94444444444e-05,0.0693438815162374,0.0171622311993122,0.07,0.00011363552563436,0.000576283334692133,1.94444444444e-05
47,36,500,628,564.189584,0.02,0,0.05,0,0,0,400000000,10,0.1,72,0.0900833540478149,0.0974421399676334,0.07,0.000996213273909367,0.00518742370949383,1.94444444444e-05,0.0823804924048723,0.080500019110273,0.07,0.000770944400377653,0.00484688441586028,1.94444444444e-05
47,49,500,436,564.189584,0.02,0,0.05,0,0,0,400000000,10,0.1,72,0.0745305877405432,0.0392839966811286,0.07,0.000185864653369763,0.000806769258749622,1.94444444444e-05,0.0671171570082996,0.0139233207357582,0.07,1.94444616896444e-05,9.45529311721646e-11,1.94444444444e-05
47,64,500,320,564.189584,0.02,0,0.05,0,0,0,400000000,10,0.1,72,0.0814023078685618,0.0680598215047152,0.07,0.000340917334948847,0.00245892241354857,1.94444444444e-05,0.0749805047092161,0.0507912187221215,0.07,0.000301763093369625,0.00239555316734991,1.94444444444e-05
48,25,500,981,564.189584,0.02,0,0.05,0,0,0,400000000,10,0.1,72,0.0700492615672462,0.00110730334743257,0.07,0.000306247864781525,0.00119766346146359,1.94444444444e-05,0.0692420518114121,0.00649122294380392,0.07,0.00024436178350091,0.00101942243952602,1.94444444444e-05
48,36,500,628,564.189584,0.02,0,0.05,0,0,0,400000000,10,0.1,72,0.0770233877738909,0.0616986947520061,0.07,0.000282451415870746,0.00154286340667161,1.94444444444e-05,0.0761812718384949,0.0623311351212512,0.07,0.000236836802703467,0.00150024311985499,1.94444444444e-05
48,49,500,436,564.189584,0.02,0,0.05,0,0,0,400000000,10,0.1,72,0.0699989781804065,8.67042676490022e-06,0.07,8.39210762245847e-05,0.00054710236271804,1.94444444444e-05,0.0690318288420129,0.00821520469394351,0.07,1.94444536650097e-05,7.82394679349759e-11,1.94444444444e-05
48,64,500,320,564.189584,0.02,0,0.05,0,0,0,400000000,10,0.1,72,0.0751305003397205,0.0435337389731551,0.07,8.18968090470833e-05,0.000529925886140305,1.94444444444e-05,0.0739655243630235,0.0336485900166523,0.07,6.99234448421417e-05,0.000428328521865139,1.94444444444e-05
49,25,500,981,564.189584,0.02,0,0.05,0,0,0,400000000,10,0.1,72,0.0769478450301641,0.0567192588028848,0.07,0.000549201600276289,0.00174960092765375,1.94444444444e-05,0.0746660997143101,0.0581309858604057,0.07,0.000398683584005149,0.00155004704054368,1.94444444444e-05
49,36,500,628,564.189584,0.02,0,0.05,0,0,0,400000000,10,0.1,72,0.0749173493322594,0.0434889499010188,0.07,0.000143552361033717,0.000606723296856869,1.94444444444e-05,0.0740403109736849,0.044300175356739,0.07,0.0001062782307943,0.000516620686697025,1.94444444444e-05
49,49,500,436,564.189584,0.02,0,0.05,0,0,0,400000000,10,0.1,72,0.0770363309771486,0.0606358935164476,0.07,0.000201200801239349,0.00123199114691475,1.94444444444e-05,0.0680767296148072,0.0114582345474836,0.07,1.94444535878514e-05,6.07117846016824e-11,1.94444444444e-05
49,64,500,320,564.189584,0.02,0,0.05,0,0,0,400000000,10,0.1,72,0.0773016064854736,0.0621389322185255,0.07,0.00025479584674734,0.00165848654809105,1.94444444444e-05,0.0700514564012406,0.000644725663135265,0.07,8.76396086941903e-05,0.000424837043312267,1.94444444444e-05
50,25,500,981,564.189584,0.02,0,0.05,0,0,0,400000000,10,0.1,72,0.103799775072749,0.124611447707142,0.07,0.00175348116702433,0.0056590660268192,1.94444444444e-05,0.0836496700125315,0.0900452636274518,0.07,0.000762205267681203,0.00250425747995264,1.94444444444e-05
50,36,500,628,564.189584,0.02,0,0.05,0,0,0,400000000,10,0.1,72,0.104387683472772,0.129541953403199,0.07,0.00130398545573444,0.00443796233706007,1.94444444444e-05,0.0895884528789524,0.0944954547681999,0.07,0.00102123296242872,0.0040727882393268,1.94444444444e-05
50,49,500,436,564.189584,0.02,0,0.05,0,0,0,400000000,10,0.1,72,0.0871645760653899,0.0874849580948184,0.07,0.000561007031998517,0.00207076808890434,1.94444444444e-05,0.0637539936709215,0.019554598591317,0.07,2.7637527755025e-05,6.95203343726875e-05,1.94444444444e-05
50,64,500,320,564.189584,0.02,0,0.05,0,0,0,400000000,10,0.1,72,0.103771161032775,0.125483002722133,0.07,0.000927114276033564,0.00354024370993032,1.94444444444e-05,0.0702025222005824,0.0396019343991683,0.07,0.000218347613217299,0.00139125221020581,1.94444444444e-05
