UEIdx,lambdaBS,lambdaUE,numBlockers,deployRange,discoveryDelay,failureDetectionDelay,connectionSetupDelay,signalingAfterRachDelay,frameHopCount,frameDeliveryDelay,minRatereq,powerFac,lower_bound_thresh,GroupCount,mean_meanOutageDuration_wo_CF,std_meanOutageDuration_wo_CF,median_meanOutageDuration_wo_CF,mean_outageProbability_wo_CF,std_outageProbability_wo_CF,median_outageProbability_wo_CF,mean_meanOutageDuration,std_meanOutageDuration,median_meanOutageDuration,mean_outageProbability,std_outageProbability,median_outageProbability
1,25,250,1600,300,0.02,0,0.05,0,0,0,400000000,10,0.1,99,0.336480598108317,0.268641378170613,0.401178116967634,0.0396659785008179,0.0469779319971678,0.0095780698855437,0.336480598108317,0.268641378170613,0.401178116967634,0.0396659785008179,0.0469779319971678,0.0095780698855437
1,36,250,1600,300,0.02,0,0.05,0,0,0,400000000,10,0.1,99,0.227558256108097,0.231658519719855,0.07,0.0226775236731688,0.0339854747585098,0.0049500009666677,0.227558256108097,0.231658519719855,0.07,0.0226775236731688,0.0339854747585098,0.0049500009666677
1,49,250,1600,300,0.02,0,0.05,0,0,0,400000000,10,0.1,99,0.217943695500648,0.238347349711679,0.07,0.0232479737501959,0.0360612820763162,0.0042000008166675,0.217943695500648,0.238347349711679,0.07,0.0232479737501959,0.0360612820763162,0.0042000008166675
1,64,250,1600,300,0.02,0,0.05,0,0,0,400000000,10,0.1,99,0.150809492786635,0.194925966347934,0.07,0.0132673395445126,0.0258251293421626,0.0035333340166669,0.150809492786635,0.194925966347934,0.07,0.0132673395445126,0.0258251293421626,0.0035333340166669
2,25,250,1600,300,0.02,0,0.05,0,0,0,400000000,10,0.1,99,0.323406775763112,0.279393255110958,0.0854160642096541,0.0345782707404818,0.0442078415621967,0.0054500010666672,0.323406775763112,0.279393255110958,0.0854160642096541,0.0345782707404818,0.0442078415621967,0.0054500010666672
2,36,250,1600,300,0.02,0,0.05,0,0,0,400000000,10,0.1,99,0.226421500321124,0.238171346430103,0.07,0.0230119640499907,0.0346119134552365,0.0032000006166671,0.226421500321124,0.238171346430103,0.07,0.0230119640499907,0.0346119134552365,0.0032000006166671
2,49,250,1600,300,0.02,0,0.05,0,0,0,400000000,10,0.1,99,0.173838290101112,0.206681494422751,0.07,0.0135615422312962,0.0260794982153915,0.0002833333666667,0.173838290101112,0.206681494422751,0.07,0.0135615422312962,0.0260794982153915,0.0002833333666667
2,64,250,1600,300,0.02,0,0.05,0,0,0,400000000,10,0.1,99,0.141510608650427,0.176142868983522,0.07,0.0105672616071771,0.0219684902879505,0.0007833334666665,0.141510608650427,0.176142868983522,0.07,0.0105672616071771,0.0219684902879505,0.0007833334666665
3,25,250,1600,300,0.02,0,0.05,0,0,0,400000000,10,0.1,99,0.267269077345799,0.252020393899692,0.07,0.0282079684637994,0.042816500699954,0.0045537145908334,0.267269077345799,0.252020393899692,0.07,0.0282079684637994,0.042816500699954,0.0045537145908334
3,36,250,1600,300,0.02,0,0.05,0,0,0,400000000,10,0.1,99,0.218856926975566,0.235026594621484,0.07,0.0194556805262632,0.0314330293915044,0.0021252253795924,0.218856926975566,0.235026594621484,0.07,0.0194556805262632,0.0314330293915044,0.0021252253795924
3,49,250,1600,300,0.02,0,0.05,0,0,0,400000000,10,0.1,99,0.143901775100122,0.184587278265784,0.07,0.0102802080213166,0.0216090694998525,0.0002000000166667,0.143901775100122,0.184587278265784,0.07,0.0102802080213166,0.0216090694998525,0.0002000000166667
3,64,250,1600,300,0.02,0,0.05,0,0,0,400000000,10,0.1,99,0.131745415984272,0.164149812660005,0.07,0.0103938190290353,0.0234591993031029,0.0008835951671796,0.131745415984272,0.164149812660005,0.07,0.0103938190290353,0.0234591993031029,0.0008835951671796
4,25,250,1600,300,0.02,0,0.05,0,0,0,400000000,10,0.1,99,0.343774889419738,0.25742535303677,0.484908910294335,0.0418465381460003,0.044813482554638,0.0261903719492067,0.343774889419738,0.25742535303677,0.484908910294335,0.0418465381460003,0.044813482554638,0.0261903719492067
4,36,250,1600,300,0.02,0,0.05,0,0,0,400000000,10,0.1,99,0.223336853936707,0.244659210814615,0.07,0.0254983781021592,0.0377379801160855,0.0058398430943908,0.223336853936707,0.244659210814615,0.07,0.0254983781021592,0.0377379801160855,0.0058398430943908
4,49,250,1600,300,0.02,0,0.05,0,0,0,400000000,10,0.1,99,0.215739647795766,0.230714629287827,0.07,0.0196773872233244,0.0292999428403122,0.0043663784040022,0.215739647795766,0.230714629287827,0.07,0.0196773872233244,0.0292999428403122,0.0043663784040022
4,64,250,1600,300,0.02,0,0.05,0,0,0,400000000,10,0.1,99,0.153674353900463,0.196883211716127,0.07,0.0118377760785029,0.0221971569527065,0.0040980540771865,0.153674353900463,0.196883211716127,0.07,0.0118377760785029,0.0221971569527065,0.0040980540771865
5,25,250,1600,300,0.02,0,0.05,0,0,0,400000000,10,0.1,99,0.305914912553311,0.251737279538352,0.0926687795383506,0.0330261957185241,0.0431172113210923,0.0063958060697289,0.305914912553311,0.251737279538352,0.0926687795383506,0.0330261957185241,0.0431172113210923,0.0063958060697289
5,36,250,1600,300,0.02,0,0.05,0,0,0,400000000,10,0.1,99,0.227939610772852,0.239099362240464,0.07,0.0231508144921421,0.0357089747781841,0.0039000007333336,0.227939610772852,0.239099362240464,0.07,0.0231508144921421,0.0357089747781841,0.0039000007333336
5,49,250,1600,300,0.02,0,0.05,0,0,0,400000000,10,0.1,99,0.184120671866615,0.217244243797896,0.07,0.0141557721754006,0.0265355256654238,0.0031067681158365,0.184120671866615,0.217244243797896,0.07,0.0141557721754006,0.0265355256654238,0.0031067681158365
5,64,250,1600,300,0.02,0,0.05,0,0,0,400000000,10,0.1,99,0.142519614835549,0.181583818027166,0.07,0.0114196161888854,0.0226660851314597,0.0031222479114505,0.142519614835549,0.181583818027166,0.07,0.0114196161888854,0.0226660851314597,0.0031222479114505
6,25,250,1600,300,0.02,0,0.05,0,0,0,400000000,10,0.1,99,0.28080144428262,0.255093359752639,0.0738607341492253,0.0313199628839014,0.0424697686570578,0.0062163807566523,0.28080144428262,0.255093359752639,0.0738607341492253,0.0313199628839014,0.0424697686570578,0.0062163807566523
6,36,250,1600,300,0.02,0,0.05,0,0,0,400000000,10,0.1,99,0.25235270667879,0.249159198029896,0.07,0.0244845265722841,0.0342162050848136,0.0048166676000007,0.25235270667879,0.249159198029896,0.07,0.0244845265722841,0.0342162050848136,0.0048166676000007
6,49,250,1600,300,0.02,0,0.05,0,0,0,400000000,10,0.1,99,0.171660285160161,0.204775880247665,0.07,0.0155200385568443,0.0262670358530126,0.003533334016667,0.171660285160161,0.204775880247665,0.07,0.0155200385568443,0.0262670358530126,0.003533334016667
6,64,250,1600,300,0.02,0,0.05,0,0,0,400000000,10,0.1,99,0.164468227622274,0.207737753308816,0.07,0.0127433890140733,0.0231504565255236,0.0042833341666671,0.164468227622274,0.207737753308816,0.07,0.0127433890140733,0.0231504565255236,0.0042833341666671
7,25,250,1600,300,0.02,0,0.05,0,0,0,400000000,10,0.1,99,0.320901552536149,0.26584439928774,0.0876365154629729,0.0338457430561579,0.0432694097641137,0.0096455201164768,0.320901552536149,0.26584439928774,0.0876365154629729,0.0338457430561579,0.0432694097641137,0.0096455201164768
7,36,250,1600,300,0.02,0,0.05,0,0,0,400000000,10,0.1,99,0.234864334899801,0.241587184522733,0.07,0.0261053543150435,0.0359266997247472,0.0062000012166674,0.234864334899801,0.241587184522733,0.07,0.0261053543150435,0.0359266997247472,0.0062000012166674
7,49,250,1600,300,0.02,0,0.05,0,0,0,400000000,10,0.1,99,0.196737905348424,0.234041545131594,0.07,0.0183320154620197,0.0311626148277421,0.0042000008166672,0.196737905348424,0.234041545131594,0.07,0.0183320154620197,0.0311626148277421,0.0042000008166672
7,64,250,1600,300,0.02,0,0.05,0,0,0,400000000,10,0.1,99,0.123304674982096,0.158778356112898,0.07,0.0100375547981584,0.0209948521504404,0.0033666673166671,0.123304674982096,0.158778356112898,0.07,0.0100375547981584,0.0209948521504404,0.0033666673166671
8,25,250,1600,300,0.02,0,0.05,0,0,0,400000000,10,0.1,99,0.334765281025605,0.262903240799633,0.476753138102889,0.0371783235692951,0.0411401492911947,0.0127298315424408,0.334765281025605,0.262903240799633,0.476753138102889,0.0371783235692951,0.0411401492911947,0.0127298315424408
8,36,250,1600,300,0.02,0,0.05,0,0,0,400000000,10,0.1,99,0.23836507069705,0.249890323925281,0.07,0.0231473481248387,0.0354570644467337,0.0053166676833344,0.23836507069705,0.249890323925281,0.07,0.0231473481248387,0.0354570644467337,0.0053166676833344
8,49,250,1600,300,0.02,0,0.05,0,0,0,400000000,10,0.1,99,0.191601357148405,0.215285018955727,0.07,0.0154918726430799,0.0271029156052811,0.0040348641531282,0.191601357148405,0.215285018955727,0.07,0.0154918726430799,0.0271029156052811,0.0040348641531282
8,64,250,1600,300,0.02,0,0.05,0,0,0,400000000,10,0.1,99,0.151289126869121,0.190501601021393,0.07,0.0126221032329611,0.0235109391896534,0.0039500007666672,0.151289126869121,0.190501601021393,0.07,0.0126221032329611,0.0235109391896534,0.0039500007666672
9,25,250,1600,300,0.02,0,0.05,0,0,0,400000000,10,0.1,99,0.338253681856797,0.268629360203312,0.412608434521415,0.0422696719536484,0.050097738965694,0.0118349136356853,0.338253681856797,0.268629360203312,0.412608434521415,0.0422696719536484,0.050097738965694,0.0118349136356853
9,36,250,1600,300,0.02,0,0.05,0,0,0,400000000,10,0.1,99,0.225126089041997,0.235523128040396,0.07,0.0219495049394274,0.0329654044795385,0.0034666477004638,0.225126089041997,0.235523128040396,0.07,0.0219495049394274,0.0329654044795385,0.0034666477004638
9,49,250,1600,300,0.02,0,0.05,0,0,0,400000000,10,0.1,99,0.173548730691656,0.209411531248067,0.07,0.0160668422696061,0.0302406899763928,0.0034500006666673,0.173548730691656,0.209411531248067,0.07,0.0160668422696061,0.0302406899763928,0.0034500006666673
9,64,250,1600,300,0.02,0,0.05,0,0,0,400000000,10,0.1,99,0.177855217754664,0.216101719428682,0.07,0.0150476894003321,0.0254182164453882,0.0039500007666673,0.177855217754664,0.216101719428682,0.07,0.0150476894003321,0.0254182164453882,0.0039500007666673
10,25,250,1600,300,0.02,0,0.05,0,0,0,400000000,10,0.1,99,0.315046302079952,0.252558777094377,0.085549154118783,0.0373202185666489,0.0461142660735381,0.0087892230284223,0.315046302079952,0.252558777094377,0.085549154118783,0.0373202185666489,0.0461142660735381,0.0087892230284223
10,36,250,1600,300,0.02,0,0.05,0,0,0,400000000,10,0.1,99,0.177983412120376,0.210189202941379,0.07,0.0150949607859868,0.0271346629729967,0.0033163721590174,0.177983412120376,0.210189202941379,0.07,0.0150949607859868,0.0271346629729967,0.0033163721590174
10,49,250,1600,300,0.02,0,0.05,0,0,0,400000000,10,0.1,99,0.189987941619619,0.2155620715924,0.07,0.0161413291555081,0.027543187510607,0.0037000007166675,0.189987941619619,0.2155620715924,0.07,0.0161413291555081,0.027543187510607,0.0037000007166675
10,64,250,1600,300,0.02,0,0.05,0,0,0,400000000,10,0.1,99,0.156119940640625,0.199154545957238,0.07,0.0138346232873263,0.0259336793114853,0.0038666674166664,0.156119940640625,0.199154545957238,0.07,0.0138346232873263,0.0259336793114853,0.0038666674166664
11,25,250,1600,300,0.02,0,0.05,0,0,0,400000000,10,0.1,99,0.286457537762836,0.255940782433965,0.0720546396971872,0.0308866626994409,0.0405072193654607,0.0051020697021455,0.286457537762836,0.255940782433965,0.0720546396971872,0.0308866626994409,0.0405072193654607,0.0051020697021455
11,36,250,1600,300,0.02,0,0.05,0,0,0,400000000,10,0.1,99,0.240569045569082,0.253979353795953,0.07,0.0239609800963496,0.0357768317288702,0.0052833343666674,0.240569045569082,0.253979353795953,0.07,0.0239609800963496,0.0357768317288702,0.0052833343666674
11,49,250,1600,300,0.02,0,0.05,0,0,0,400000000,10,0.1,99,0.192559419328155,0.222107527363325,0.07,0.0183447247733656,0.0310434068536154,0.0023166670999999,0.192559419328155,0.222107527363325,0.07,0.0183447247733656,0.0310434068536154,0.0023166670999999
11,64,250,1600,300,0.02,0,0.05,0,0,0,400000000,10,0.1,99,0.129781799354008,0.173581862733703,0.07,0.0105418630481329,0.0224625933242518,0.0025333338166667,0.129781799354008,0.173581862733703,0.07,0.0105418630481329,0.0224625933242518,0.0025333338166667
12,25,250,1600,300,0.02,0,0.05,0,0,0,400000000,10,0.1,99,0.301536960597773,0.258864223819635,0.0730269589006799,0.0338130768267676,0.041442655777605,0.0068683975189607,0.301536960597773,0.258864223819635,0.0730269589006799,0.0338130768267676,0.041442655777605,0.0068683975189607
12,36,250,1600,300,0.02,0,0.05,0,0,0,400000000,10,0.1,99,0.234091011084043,0.235523317548341,0.07,0.0234318858964678,0.0351418710849704,0.0048227379924,0.234091011084043,0.235523317548341,0.07,0.0234318858964678,0.0351418710849704,0.0048227379924
12,49,250,1600,300,0.02,0,0.05,0,0,0,400000000,10,0.1,99,0.17856360719141,0.214267452649033,0.07,0.0152239878072586,0.0262877327455439,0.0040666674500011,0.17856360719141,0.214267452649033,0.07,0.0152239878072586,0.0262877327455439,0.0040666674500011
12,64,250,1600,300,0.02,0,0.05,0,0,0,400000000,10,0.1,99,0.14777033725243,0.188171779756854,0.07,0.0117085746699542,0.022663032227247,0.0034833339833335,0.14777033725243,0.188171779756854,0.07,0.0117085746699542,0.022663032227247,0.0034833339833335
13,25,250,1600,300,0.02,0,0.05,0,0,0,400000000,10,0.1,99,0.263776223930285,0.251076602709087,0.07,0.0314638157318731,0.0426188179710526,0.0056493003804537,0.263776223930285,0.251076602709087,0.07,0.0314638157318731,0.0426188179710526,0.0056493003804537
13,36,250,1600,300,0.02,0,0.05,0,0,0,400000000,10,0.1,99,0.202950702307761,0.223536874062684,0.07,0.0211888432606908,0.0351699913160628,0.0036439567857325,0.202950702307761,0.223536874062684,0.07,0.0211888432606908,0.0351699913160628,0.0036439567857325
13,49,250,1600,300,0.02,0,0.05,0,0,0,400000000,10,0.1,99,0.192501053855413,0.229660502334255,0.07,0.017015081011949,0.0283621413004737,0.0032451699550659,0.192501053855413,0.229660502334255,0.07,0.017015081011949,0.0283621413004737,0.0032451699550659
13,64,250,1600,300,0.02,0,0.05,0,0,0,400000000,10,0.1,99,0.144922913883132,0.184980341650897,0.07,0.0103599350118276,0.0207231287985557,0.0027000005166674,0.144922913883132,0.184980341650897,0.07,0.0103599350118276,0.0207231287985557,0.0027000005166674
14,25,250,1600,300,0.02,0,0.05,0,0,0,400000000,10,0.1,99,0.299839754705693,0.263152963773012,0.0732683737138042,0.0390872893441248,0.0512296179448926,0.0071348115873386,0.299839754705693,0.263152963773012,0.0732683737138042,0.0390872893441248,0.0512296179448926,0.0071348115873386
14,36,250,1600,300,0.02,0,0.05,0,0,0,400000000,10,0.1,99,0.241005322430783,0.244960555528019,0.07,0.0200440917664784,0.0302404499440935,0.0038884348725534,0.241005322430783,0.244960555528019,0.07,0.0200440917664784,0.0302404499440935,0.0038884348725534
14,49,250,1600,300,0.02,0,0.05,0,0,0,400000000,10,0.1,99,0.254200794041161,0.252613159546815,0.07,0.0203109326162685,0.0302034236237352,0.0054000010500005,0.254200794041161,0.252613159546815,0.07,0.0203109326162685,0.0302034236237352,0.0054000010500005
14,64,250,1600,300,0.02,0,0.05,0,0,0,400000000,10,0.1,99,0.123773667649396,0.162113992447356,0.07,0.00956404923403798,0.0205116072829901,0.0018958107330654,0.123773667649396,0.162113992447356,0.07,0.00956404923403798,0.0205116072829901,0.0018958107330654
15,25,250,1600,300,0.02,0,0.05,0,0,0,400000000,10,0.1,99,0.314035638460171,0.276140261382833,0.0859197486552199,0.0355909934840454,0.0428178938496472,0.0108182260338078,0.314035638460171,0.276140261382833,0.0859197486552199,0.0355909934840454,0.0428178938496472,0.0108182260338078
15,36,250,1600,300,0.02,0,0.05,0,0,0,400000000,10,0.1,99,0.249974178568718,0.255491011886019,0.07,0.0258087016646031,0.0369012274204284,0.0048613994739085,0.249974178568718,0.255491011886019,0.07,0.0258087016646031,0.0369012274204284,0.0048613994739085
15,49,250,1600,300,0.02,0,0.05,0,0,0,400000000,10,0.1,99,0.190178121827151,0.221206681643878,0.07,0.018441152362281,0.0314966393192671,0.004509714740681,0.190178121827151,0.221206681643878,0.07,0.018441152362281,0.0314966393192671,0.004509714740681
15,64,250,1600,300,0.02,0,0.05,0,0,0,400000000,10,0.1,99,0.190244280187337,0.216574259387308,0.07,0.015404085473713,0.0261501984305675,0.0040333341166675,0.190244280187337,0.216574259387308,0.07,0.015404085473713,0.0261501984305675,0.0040333341166675
16,25,250,1600,300,0.02,0,0.05,0,0,0,400000000,10,0.1,99,0.307804331286601,0.270578871884165,0.0836201458299693,0.0368378652753266,0.0441371059566684,0.0087369790929494,0.307804331286601,0.270578871884165,0.0836201458299693,0.0368378652753266,0.0441371059566684,0.0087369790929494
16,36,250,1600,300,0.02,0,0.05,0,0,0,400000000,10,0.1,99,0.21037659861591,0.232416211291207,0.07,0.0209576488504734,0.0332847433531832,0.0043326224557633,0.21037659861591,0.232416211291207,0.07,0.0209576488504734,0.0332847433531832,0.0043326224557633
16,49,250,1600,300,0.02,0,0.05,0,0,0,400000000,10,0.1,99,0.164541834295982,0.197547198420105,0.07,0.014800556214388,0.029768698588472,0.0023051592505092,0.164541834295982,0.197547198420105,0.07,0.014800556214388,0.029768698588472,0.0023051592505092
16,64,250,1600,300,0.02,0,0.05,0,0,0,400000000,10,0.1,99,0.152970420356633,0.19979253846587,0.07,0.0102884380460696,0.0205448218767782,0.0037000007166668,0.152970420356633,0.19979253846587,0.07,0.0102884380460696,0.0205448218767782,0.0037000007166668
17,25,250,1600,300,0.02,0,0.05,0,0,0,400000000,10,0.1,99,0.346899763371381,0.264794429056515,0.499015236602881,0.0414515183377288,0.0458908466327001,0.0287612839443313,0.346899763371381,0.264794429056515,0.499015236602881,0.0414515183377288,0.0458908466327001,0.0287612839443313
17,36,250,1600,300,0.02,0,0.05,0,0,0,400000000,10,0.1,99,0.262275948708232,0.251029088592679,0.07,0.026245850349353,0.0349521682899345,0.0050701455343265,0.262275948708232,0.251029088592679,0.07,0.026245850349353,0.0349521682899345,0.0050701455343265
17,49,250,1600,300,0.02,0,0.05,0,0,0,400000000,10,0.1,99,0.204861597324312,0.228725458166306,0.07,0.0179557382192264,0.0275040182266115,0.0052517697993348,0.204861597324312,0.228725458166306,0.07,0.0179557382192264,0.0275040182266115,0.0052517697993348
17,64,250,1600,300,0.02,0,0.05,0,0,0,400000000,10,0.1,99,0.166000494835338,0.206160253305538,0.07,0.013927430684229,0.0260518178288696,0.00349167903883,0.166000494835338,0.206160253305538,0.07,0.013927430684229,0.0260518178288696,0.00349167903883
18,25,250,1600,300,0.02,0,0.05,0,0,0,400000000,10,0.1,99,0.335040945426271,0.270982619647486,0.392732919194507,0.0355795746059118,0.0406197045185596,0.0137456521718078,0.335040945426271,0.270982619647486,0.392732919194507,0.0355795746059118,0.0406197045185596,0.0137456521718078
18,36,250,1600,300,0.02,0,0.05,0,0,0,400000000,10,0.1,99,0.246404327406088,0.247255613314499,0.07,0.0217280941049009,0.0321114867971136,0.0054500010666672,0.246404327406088,0.247255613314499,0.07,0.0217280941049009,0.0321114867971136,0.0054500010666672
18,49,250,1600,300,0.02,0,0.05,0,0,0,400000000,10,0.1,99,0.198819336884472,0.231381493994576,0.07,0.0170998137822162,0.0294009326240099,0.003707451841095,0.198819336884472,0.231381493994576,0.07,0.0170998137822162,0.0294009326240099,0.003707451841095
18,64,250,1600,300,0.02,0,0.05,0,0,0,400000000,10,0.1,99,0.152486511834901,0.196057905394057,0.07,0.0140668710694999,0.0272775433944557,0.0034666672666668,0.152486511834901,0.196057905394057,0.07,0.0140668710694999,0.0272775433944557,0.0034666672666668
19,25,250,1600,300,0.02,0,0.05,0,0,0,400000000,10,0.1,99,0.334344670339608,0.263987349490165,0.470600837822738,0.0372954460310126,0.0444257506474337,0.0125146340578076,0.334344670339608,0.263987349490165,0.470600837822738,0.0372954460310126,0.0444257506474337,0.0125146340578076
19,36,250,1600,300,0.02,0,0.05,0,0,0,400000000,10,0.1,99,0.256347061862659,0.256688178055963,0.07,0.0267159520758068,0.0361083896017118,0.006366667916667,0.256347061862659,0.256688178055963,0.07,0.0267159520758068,0.0361083896017118,0.006366667916667
19,49,250,1600,300,0.02,0,0.05,0,0,0,400000000,10,0.1,99,0.195698434332168,0.219721383715158,0.07,0.0182046291113793,0.0298343474446625,0.0058549006632666,0.195698434332168,0.219721383715158,0.07,0.0182046291113793,0.0298343474446625,0.0058549006632666
19,64,250,1600,300,0.02,0,0.05,0,0,0,400000000,10,0.1,99,0.143840390383842,0.18789370179428,0.07,0.0124995011181483,0.0245048543802993,0.0036166673666669,0.143840390383842,0.18789370179428,0.07,0.0124995011181483,0.0245048543802993,0.0036166673666669
20,25,250,1600,300,0.02,0,0.05,0,0,0,400000000,10,0.1,99,0.284188621607976,0.253567725867903,0.0743457070297354,0.0352841852363259,0.0444816781378739,0.0060807432877271,0.284188621607976,0.253567725867903,0.0743457070297354,0.0352841852363259,0.0444816781378739,0.0060807432877271
20,36,250,1600,300,0.02,0,0.05,0,0,0,400000000,10,0.1,99,0.259906391285745,0.256713981901187,0.07,0.0265605216966824,0.0378744825732382,0.0058856270258395,0.259906391285745,0.256713981901187,0.07,0.0265605216966824,0.0378744825732382,0.0058856270258395
20,49,250,1600,300,0.02,0,0.05,0,0,0,400000000,10,0.1,99,0.206731276144876,0.228562614042,0.07,0.020930622613862,0.0326865844107715,0.0043946784141667,0.206731276144876,0.228562614042,0.07,0.020930622613862,0.0326865844107715,0.0043946784141667
20,64,250,1600,300,0.02,0,0.05,0,0,0,400000000,10,0.1,99,0.137025490505571,0.180646594083885,0.07,0.0108204617473659,0.0226099030249455,0.0034077311579088,0.137025490505571,0.180646594083885,0.07,0.0108204617473659,0.0226099030249455,0.0034077311579088
