UEIdx,lambdaBS,lambdaUE,numBlockers,deployRange,discoveryDelay,failureDetectionDelay,connectionSetupDelay,signalingAfterRachDelay,frameHopCount,frameDeliveryDelay,minRatereq,powerFac,lower_bound_thresh,GroupCount,mean_meanOutageDuration_wo_CF,std_meanOutageDuration_wo_CF,median_meanOutageDuration_wo_CF,mean_outageProbability_wo_CF,std_outageProbability_wo_CF,median_outageProbability_wo_CF,mean_meanOutageDuration,std_meanOutageDuration,median_meanOutageDuration,mean_outageProbability,std_outageProbability,median_outageProbability
1,25,250,314,400,0.02,0,0.05,0,0,0,400000000,10,0.1,59,0.0976229775990002,0.120834493685551,0.07,0.00133697385639071,0.00587618949794485,1.94444444444e-05,0.066465745799613,0.0154008382824383,0.07,1.94444662427322e-05,9.86084468357323e-11,1.94444444444e-05
2,25,250,314,400,0.02,0,0.05,0,0,0,400000000,10,0.1,59,0.0961852065732421,0.115272484652505,0.07,0.000984860090680552,0.00440544651006105,1.94444444444e-05,0.0653055486620088,0.0175573000928472,0.07,1.94444662427373e-05,8.70658450590046e-11,1.94444444444e-05
3,25,250,314,400,0.02,0,0.05,0,0,0,400000000,10,0.1,59,0.116416809936711,0.155962604778914,0.07,0.00183931663769726,0.00631241547057183,1.94444444444e-05,0.0629678944093323,0.0210815730805504,0.07,1.94444838038169e-05,1.28527561008648e-10,1.94444444444e-05
4,25,250,314,400,0.02,0,0.05,0,0,0,400000000,10,0.1,59,0.113680621629928,0.140804837819131,0.07,0.00178730574065675,0.00546106764489503,1.94444444444e-05,0.0605985424461273,0.0239415818586462,0.07,1.94444927020424e-05,1.35790976694533e-10,1.94444444444e-05
5,25,250,314,400,0.02,0,0.05,0,0,0,400000000,10,0.1,59,0.119899312331757,0.151496011258311,0.07,0.00248462515541057,0.00732992929876897,1.94444444444e-05,0.0605974571565613,0.0239447313234304,0.07,1.94444952914898e-05,1.36163140822088e-10,1.94444444444e-05
6,25,250,314,400,0.02,0,0.05,0,0,0,400000000,10,0.1,59,0.0798059069392062,0.0743147153658352,0.07,0.000587958947902715,0.00401707864803834,1.94444444444e-05,0.0676431742339137,0.0126900150723685,0.07,1.94444585685932e-05,7.68917999180984e-11,1.94444444444e-05
7,25,250,314,400,0.02,0,0.05,0,0,0,400000000,10,0.1,59,0.0954643580041146,0.112354980971099,0.07,0.00107701837195801,0.00443704532683925,1.94444444444e-05,0.0641205271795815,0.0194878283692373,0.07,1.94444722219678e-05,9.45493175198888e-11,1.94444444444e-05
8,25,250,314,400,0.02,0,0.05,0,0,0,400000000,10,0.1,59,0.12440570496358,0.162208484566541,0.07,0.00202593341623116,0.00637556359234594,1.94444444444e-05,0.0617935917696145,0.0225597864014469,0.07,1.94444811673034e-05,1.10555859384966e-10,1.94444444444e-05
9,25,250,314,400,0.02,0,0.05,0,0,0,400000000,10,0.1,59,0.116574025893882,0.154972537555708,0.07,0.00195093618630038,0.00712859712413502,1.94444444444e-05,0.0641354662335752,0.0194391002127674,0.07,1.94444765063102e-05,1.20428884777935e-10,1.94444444444e-05
10,25,250,314,400,0.02,0,0.05,0,0,0,400000000,10,0.1,59,0.120125334269782,0.151244910891685,0.07,0.00264470570760843,0.00784978037924694,1.94444444444e-05,0.0599914051927444,0.0241721757343886,0.07,1.94444993875305e-05,1.47465064025438e-10,1.94444444444e-05
11,25,250,314,400,0.02,0,0.05,0,0,0,400000000,10,0.1,59,0.100405357488188,0.114667812909001,0.07,0.00126905211540009,0.00507183216896223,1.94444444444e-05,0.0629562303289055,0.021114813846266,0.07,1.94444784366339e-05,1.11577913653838e-10,1.94444444444e-05
12,25,250,314,400,0.02,0,0.05,0,0,0,400000000,10,0.1,59,0.112296556138162,0.14256518397073,0.07,0.00154720649385506,0.00466839495314778,1.94444444444e-05,0.0594208084639365,0.0251495539021987,0.07,1.94444946323847e-05,1.27729907531362e-10,1.94444444444e-05
13,25,250,314,400,0.02,0,0.05,0,0,0,400000000,10,0.1,59,0.0715008648106513,0.0139957089062901,0.07,7.93745435444627e-05,0.00035920355580917,1.94444444444e-05,0.0676676282365207,0.0125583534240313,0.07,1.94444499057559e-05,2.95188177076483e-11,1.94444444444e-05
14,25,250,314,400,0.02,0,0.05,0,0,0,400000000,10,0.1,59,0.0805901293967866,0.0861093726851714,0.07,0.000672686238389949,0.00419153970966287,1.94444444444e-05,0.0647050291438416,0.0180083359325852,0.07,1.94444688792492e-05,9.72622383238173e-11,1.94444444444e-05
15,25,250,314,400,0.02,0,0.05,0,0,0,400000000,10,0.1,59,0.125460710638737,0.168861370234185,0.07,0.00206117444899062,0.00664369755459315,1.94444444444e-05,0.0606441637309106,0.0238283590578394,0.07,1.94444895476339e-05,1.28414808703498e-10,1.94444444444e-05
16,25,250,314,400,0.02,0,0.05,0,0,0,400000000,10,0.1,59,0.0939649199723503,0.105191782807794,0.07,0.000911298077537724,0.00441210955622893,1.94444444444e-05,0.0653505977967292,0.0173942125388942,0.07,1.94444685496797e-05,1.03772021673492e-10,1.94444444444e-05
17,25,250,314,400,0.02,0,0.05,0,0,0,400000000,10,0.1,59,0.0698371754544547,0.00124711410033592,0.07,8.30058115263322e-05,0.000343619861479166,1.94444444444e-05,0.0676498306579221,0.0126541681167112,0.07,1.94444541900932e-05,5.24800664084924e-11,1.94444444444e-05
18,25,250,314,400,0.02,0,0.05,0,0,0,400000000,10,0.1,59,0.102029739001067,0.118976170219147,0.07,0.00124035805579245,0.00494197438951909,1.94444444444e-05,0.0618758463069454,0.0223408652416841,0.07,1.94444778245797e-05,1.07105583890382e-10,1.94444444444e-05
19,25,250,314,400,0.02,0,0.05,0,0,0,400000000,10,0.1,59,0.0882443494506273,0.0982725829878922,0.07,0.00108270914213745,0.00510735207349355,1.94444444444e-05,0.064109796770148,0.0195233975391093,0.07,1.9444480790661e-05,1.26010656792171e-10,1.94444444444e-05
