UEIdx,lambdaBS,lambdaUE,deployRange,minRatereq,powerFac,lower_bound_thresh,GroupCount,mean_mean_rate_before_handoff_affected,mean_mean_rate_after_handoff_affected,mean_mean_rate_after_handoff_affected_wo_algo,mean_mean_rate_before_handoff_not_affected,mean_mean_rate_after_handoff_not_affected,mean_mean_rate_after_handoff_not_affected_wo_algo,mean_rate_after_handoff_fr2,mean_rate_after_handoff_fr2_wo_algo
1,25,250,300,400000000,10,0.1,100,99643253.7896343,35188883.7987703,99585375.9090731,99718754.6861093,99766948.0994147,99689132.4586547,772266925.787857,928851515.291125
1,25,500,300,400000000,10,0.1,100,99230745.3852737,35408698.1917279,99088597.1738075,99351608.5127271,99348319.7871899,99239963.991064,691328148.621603,758990011.550411
1,25,750,300,400000000,10,0.1,100,98714591.1045226,35679548.7666296,98418241.1914229,98858485.6032695,98919329.8720157,98600578.4850952,668715957.161049,697315543.863341
1,25,1000,300,400000000,10,0.1,100,97897357.1859746,36162061.412287,97252894.1796553,98129628.6952688,98375840.2140758,97565897.549417,624573651.561212,605713537.094406
2,25,250,300,400000000,10,0.1,100,99643253.7896343,35188883.7987703,99585375.9090731,99718754.6861093,99766948.0994147,99689132.4586547,735986424.529129,864925800.076022
2,25,500,300,400000000,10,0.1,100,99230745.3852737,35408698.1917279,99088597.1738075,99351608.5127271,99348319.7871899,99239963.991064,702456553.019536,777520035.585477
2,25,750,300,400000000,10,0.1,100,98714591.1045226,35679548.7666296,98418241.1914229,98858485.6032695,98919329.8720157,98600578.4850952,670356206.709613,689356322.782075
2,25,1000,300,400000000,10,0.1,100,97897357.1859746,36162061.412287,97252894.1796553,98129628.6952688,98375840.2140758,97565897.549417,623178998.016233,587329990.757522
3,25,250,300,400000000,10,0.1,90,99644393.5825509,35189698.5431873,99582303.2339818,99723325.8025155,99762580.0357203,99690167.8254,747134894.29284,893217381.409664
3,25,500,300,400000000,10,0.1,100,99230745.3852737,35408698.1917279,99088597.1738075,99351608.5127271,99348319.7871899,99239963.991064,685335241.53924,745919414.331552
3,25,750,300,400000000,10,0.1,100,98714591.1045226,35679548.7666296,98418241.1914229,98858485.6032695,98919329.8720157,98600578.4850952,658728853.460687,681043902.674122
3,25,1000,300,400000000,10,0.1,100,97897357.1859746,36162061.412287,97252894.1796553,98129628.6952688,98375840.2140758,97565897.549417,637112728.192421,606781850.371904
4,25,250,300,400000000,10,0.1,80,99651253.6961606,35185719.1337727,99585647.0256816,99717867.0321776,99749651.154882,99680822.5342466,756113121.384554,916172875.179222
4,25,500,300,400000000,10,0.1,90,99225764.1459702,35411989.0621694,99071710.2638078,99337474.5435314,99307584.8153128,99213391.4625978,677165079.59708,744213770.583248
4,25,750,300,400000000,10,0.1,100,98714591.1045226,35679548.7666296,98418241.1914229,98858485.6032695,98919329.8720157,98600578.4850952,664432295.801342,680593259.331708
4,25,1000,300,400000000,10,0.1,100,97897357.1859746,36162061.412287,97252894.1796553,98129628.6952688,98375840.2140758,97565897.549417,622966593.567005,596676075.763828
5,25,250,300,400000000,10,0.1,70,99653540.1716955,35187720.3761289,99583636.8609491,99723217.4086005,99741558.1757596,99682809.7261008,738995653.953267,911320914.463158
5,25,500,300,400000000,10,0.1,90,99225764.1459702,35411989.0621694,99071710.2638078,99337474.5435314,99307584.8153128,99213391.4625978,695567805.093897,758476856.363079
5,25,750,300,400000000,10,0.1,90,98722440.3347554,35683591.7806323,98400700.3183987,98836972.6438968,98852894.4308495,98550986.943625,645041512.411153,658706573.96377
5,25,1000,300,400000000,10,0.1,100,97897357.1859746,36162061.412287,97252894.1796553,98129628.6952688,98375840.2140758,97565897.549417,630038182.018643,602926014.388562
6,25,250,300,400000000,10,0.1,60,99653289.8937819,35186315.7293662,99579276.4721708,99726266.1856469,99727644.59458,99681199.0893829,710273333.618913,853383630.825502
6,25,500,300,400000000,10,0.1,80,99220816.2574563,35411568.2522794,99054229.67271,99323390.209494,99253986.2287519,99184709.6552042,688886251.866016,768146175.543757
6,25,750,300,400000000,10,0.1,90,98722440.3347554,35683591.7806323,98400700.3183987,98836972.6438968,98852894.4308495,98550986.943625,656061220.028528,672549136.213207
6,25,1000,300,400000000,10,0.1,90,97900541.7615468,36165757.9788447,97198640.5137439,98087584.8983745,98269913.810881,97463972.0370265,589731033.607249,554948516.934624
7,25,250,300,400000000,10,0.1,50,99654042.120235,35186808.3534489,99576162.1650661,99722836.1575412,99708129.2458316,99671875.7681153,701816582.343919,834619745.488331
7,25,500,300,400000000,10,0.1,80,99220816.2574563,35411568.2522794,99054229.67271,99323390.209494,99253986.2287519,99184709.6552042,671439045.214691,753981423.813353
7,25,750,300,400000000,10,0.1,90,98722440.3347554,35683591.7806323,98400700.3183987,98836972.6438968,98852894.4308495,98550986.943625,672781011.145235,710862926.426289
7,25,1000,300,400000000,10,0.1,90,97900541.7615468,36165757.9788447,97198640.5137439,98087584.8983745,98269913.810881,97463972.0370265,614781505.821134,587671366.068775
8,25,250,300,400000000,10,0.1,40,99649020.5398307,35192346.3348587,99566109.5819913,99725439.0169567,99697602.4701228,99672696.6335712,675287278.281834,803534346.642524
8,25,500,300,400000000,10,0.1,70,99221570.1469587,35414988.2782073,99042678.9625747,99306081.6789758,99193087.6709435,99151502.1661741,681100202.203586,773120497.161277
8,25,750,300,400000000,10,0.1,80,98728375.4604981,35684536.0337835,98380786.5288127,98787912.1082413,98755785.0874052,98470385.3127891,642131584.305783,671504820.241719
8,25,1000,300,400000000,10,0.1,90,97900541.7615468,36165757.9788447,97198640.5137439,98087584.8983745,98269913.810881,97463972.0370265,635407099.198074,623138799.965827
9,25,250,300,400000000,10,0.1,30,99660745.1465816,35187821.5133238,99573416.8903578,99729318.7119643,99687892.025121,99669948.5280979,697992814.693307,850453186.445475
9,25,500,300,400000000,10,0.1,70,99221570.1469587,35414988.2782073,99042678.9625747,99306081.6789758,99193087.6709435,99151502.1661741,645937511.531167,713110866.028838
9,25,750,300,400000000,10,0.1,80,98728375.4604981,35684536.0337835,98380786.5288127,98787912.1082413,98755785.0874052,98470385.3127891,633244950.460114,664789289.334316
9,25,1000,300,400000000,10,0.1,90,97900541.7615468,36165757.9788447,97198640.5137439,98087584.8983745,98269913.810881,97463972.0370265,651070770.351627,643999787.79256
10,25,250,300,400000000,10,0.1,20,99654333.138494,35192267.8944188,99559998.930534,99707503.2547212,99655878.4200666,99644469.880978,709178384.090771,852702822.457618
10,25,500,300,400000000,10,0.1,60,99226288.6200987,35405497.1282607,99034858.3115287,99308142.4427277,99139825.804838,99141378.1763563,658586975.749343,736711015.256184
10,25,750,300,400000000,10,0.1,80,98728375.4604981,35684536.0337835,98380786.5288127,98787912.1082413,98755785.0874052,98470385.3127891,609884314.778086,627215131.688027
10,25,1000,300,400000000,10,0.1,80,97902239.7171688,36166921.3394961,97138503.1510551,98071869.0894989,98157725.3844787,97384908.2296462,609553390.844712,585189519.124591
11,25,250,300,400000000,10,0.1,20,99654333.138494,35192267.8944188,99559998.930534,99707503.2547212,99655878.4200666,99644469.880978,646084289.554239,797424956.793185
11,25,500,300,400000000,10,0.1,60,99226288.6200987,35405497.1282607,99034858.3115287,99308142.4427277,99139825.804838,99141378.1763563,632564354.211675,710644951.763132
11,25,750,300,400000000,10,0.1,80,98728375.4604981,35684536.0337835,98380786.5288127,98787912.1082413,98755785.0874052,98470385.3127891,624524019.016282,640572198.215433
11,25,1000,300,400000000,10,0.1,80,97902239.7171688,36166921.3394961,97138503.1510551,98071869.0894989,98157725.3844787,97384908.2296462,595642206.951158,572209366.119141
12,25,250,300,400000000,10,0.1,10,99692530.0944387,35174768.192803,99600545.4340197,99730074.9630528,99667858.7968343,99669538.3175036,677860495.761234,811260760.518001
12,25,500,300,400000000,10,0.1,60,99226288.6200987,35405497.1282607,99034858.3115287,99308142.4427277,99139825.804838,99141378.1763563,684248415.630062,781755233.134836
12,25,750,300,400000000,10,0.1,70,98737483.2546438,35679849.1130137,98365652.3768877,98764833.7783198,98675971.5025191,98418696.0467347,624957734.639245,647843963.402709
12,25,1000,300,400000000,10,0.1,80,97902239.7171688,36166921.3394961,97138503.1510551,98071869.0894989,98157725.3844787,97384908.2296462,594307170.307214,571578364.916549
13,25,500,300,400000000,10,0.1,50,99238612.4425546,35395562.1432087,99037407.9963918,99314513.2723842,99107948.3032158,99136794.3330456,654774909.945638,746476649.809919
13,25,750,300,400000000,10,0.1,70,98737483.2546438,35679849.1130137,98365652.3768877,98764833.7783198,98675971.5025191,98418696.0467347,642791022.560811,679878860.00055
13,25,1000,300,400000000,10,0.1,80,97902239.7171688,36166921.3394961,97138503.1510551,98071869.0894989,98157725.3844787,97384908.2296462,580635692.7943,556882134.273935
14,25,500,300,400000000,10,0.1,50,99238612.4425546,35395562.1432087,99037407.9963918,99314513.2723842,99107948.3032158,99136794.3330456,639677701.282423,722208863.345393
14,25,750,300,400000000,10,0.1,70,98737483.2546438,35679849.1130137,98365652.3768877,98764833.7783198,98675971.5025191,98418696.0467347,618790025.420012,647800149.427465
14,25,1000,300,400000000,10,0.1,80,97902239.7171688,36166921.3394961,97138503.1510551,98071869.0894989,98157725.3844787,97384908.2296462,601376860.185641,577752648.751624
15,25,500,300,400000000,10,0.1,40,99236211.4711789,35395651.2644172,99022733.8317498,99309186.6400805,99070992.8363833,99119347.478866,614096434.98275,688405300.283473
15,25,750,300,400000000,10,0.1,60,98728367.4348459,35686688.3869404,98327632.4510944,98740807.5620681,98589945.3109531,98362725.5643102,609723175.563142,645048819.994312
15,25,1000,300,400000000,10,0.1,70,97896839.4282789,36165850.4485969,97068456.8378747,98032457.4254445,98035568.6124464,97276523.7186424,606030818.817906,595242511.357773
16,25,500,300,400000000,10,0.1,40,99236211.4711789,35395651.2644172,99022733.8317498,99309186.6400805,99070992.8363833,99119347.478866,638584692.82636,711442294.561929
16,25,750,300,400000000,10,0.1,60,98728367.4348459,35686688.3869404,98327632.4510944,98740807.5620681,98589945.3109531,98362725.5643102,622429774.28161,673513214.842212
16,25,1000,300,400000000,10,0.1,70,97896839.4282789,36165850.4485969,97068456.8378747,98032457.4254445,98035568.6124464,97276523.7186424,569465631.661273,543347488.861415
17,25,500,300,400000000,10,0.1,30,99246028.7254238,35402166.3799206,99022556.5317776,99296596.1030064,99006802.6590268,99085713.4148441,705518781.711174,823604640.215846
17,25,750,300,400000000,10,0.1,60,98728367.4348459,35686688.3869404,98327632.4510944,98740807.5620681,98589945.3109531,98362725.5643102,620631360.740683,673836603.259602
17,25,1000,300,400000000,10,0.1,70,97896839.4282789,36165850.4485969,97068456.8378747,98032457.4254445,98035568.6124464,97276523.7186424,585077714.055768,574113882.137353
18,25,500,300,400000000,10,0.1,30,99246028.7254238,35402166.3799206,99022556.5317776,99296596.1030064,99006802.6590268,99085713.4148441,647198641.496372,744801721.32685
18,25,750,300,400000000,10,0.1,50,98723418.1822132,35691336.1747985,98292258.43367,98725722.9486612,98492161.7521349,98318611.4646563,582352766.215986,618469103.577265
18,25,1000,300,400000000,10,0.1,70,97896839.4282789,36165850.4485969,97068456.8378747,98032457.4254445,98035568.6124464,97276523.7186424,615926652.299072,634777026.109147
19,25,500,300,400000000,10,0.1,20,99226300.5128311,35421507.7453841,98982415.8551695,99299835.8827971,98932615.0229811,99071994.4699561,648583537.979444,733257045.82615
19,25,750,300,400000000,10,0.1,50,98723418.1822132,35691336.1747985,98292258.43367,98725722.9486612,98492161.7521349,98318611.4646563,587349678.301703,626228329.964512
19,25,1000,300,400000000,10,0.1,60,97891362.2852392,36168276.5635663,96993471.9425274,98001227.3418793,97916930.9672052,97179859.7153302,614841389.065914,633144975.204537
20,25,500,300,400000000,10,0.1,20,99226300.5128311,35421507.7453841,98982415.8551695,99299835.8827971,98932615.0229811,99071994.4699561,669399021.108038,772597501.472047
20,25,750,300,400000000,10,0.1,50,98723418.1822132,35691336.1747985,98292258.43367,98725722.9486612,98492161.7521349,98318611.4646563,613934508.445406,663055394.281802
20,25,1000,300,400000000,10,0.1,60,97891362.2852392,36168276.5635663,96993471.9425274,98001227.3418793,97916930.9672052,97179859.7153302,570055723.627494,555513098.959771
21,25,500,300,400000000,10,0.1,20,99226300.5128311,35421507.7453841,98982415.8551695,99299835.8827971,98932615.0229811,99071994.4699561,686164974.101603,801411572.238391
21,25,750,300,400000000,10,0.1,50,98723418.1822132,35691336.1747985,98292258.43367,98725722.9486612,98492161.7521349,98318611.4646563,607094499.792801,646362468.519282
21,25,1000,300,400000000,10,0.1,60,97891362.2852392,36168276.5635663,96993471.9425274,98001227.3418793,97916930.9672052,97179859.7153302,588191196.66224,598892825.276389
22,25,500,300,400000000,10,0.1,10,99225838.7656353,35426662.7171393,98972472.4565871,99227662.8554813,98710207.6618019,98961944.6297304,645037787.984311,775253659.890704
22,25,750,300,400000000,10,0.1,40,98740344.7409829,35690758.7979337,98286562.6282112,98747171.0895072,98437158.036491,98318614.0838413,615748064.734939,660780510.471505
22,25,1000,300,400000000,10,0.1,60,97891362.2852392,36168276.5635663,96993471.9425274,98001227.3418793,97916930.9672052,97179859.7153302,562749636.929608,547158877.577477
23,25,500,300,400000000,10,0.1,10,99225838.7656353,35426662.7171393,98972472.4565871,99227662.8554813,98710207.6618019,98961944.6297304,624423000.670165,732568986.640807
23,25,750,300,400000000,10,0.1,40,98740344.7409829,35690758.7979337,98286562.6282112,98747171.0895072,98437158.036491,98318614.0838413,602102421.01955,661908818.032981
23,25,1000,300,400000000,10,0.1,60,97891362.2852392,36168276.5635663,96993471.9425274,98001227.3418793,97916930.9672052,97179859.7153302,575741604.529859,569681550.194163
24,25,750,300,400000000,10,0.1,40,98740344.7409829,35690758.7979337,98286562.6282112,98747171.0895072,98437158.036491,98318614.0838413,587547373.38991,631953683.055262
24,25,1000,300,400000000,10,0.1,50,97897737.8622512,36160479.991036,96933885.7607486,97959025.0220317,97786365.9301831,97062618.1401975,572152173.513274,567351406.62959
25,25,750,300,400000000,10,0.1,30,98714377.0525337,35694524.068093,98224145.4438637,98719415.3910234,98337592.505939,98253336.0068858,610104624.963227,667306112.261165
25,25,1000,300,400000000,10,0.1,50,97897737.8622512,36160479.991036,96933885.7607486,97959025.0220317,97786365.9301831,97062618.1401975,599542995.745372,629170976.640771
26,25,750,300,400000000,10,0.1,30,98714377.0525337,35694524.068093,98224145.4438637,98719415.3910234,98337592.505939,98253336.0068858,649447730.444741,726625249.431218
26,25,1000,300,400000000,10,0.1,50,97897737.8622512,36160479.991036,96933885.7607486,97959025.0220317,97786365.9301831,97062618.1401975,594898496.921817,614870608.541753
27,25,750,300,400000000,10,0.1,30,98714377.0525337,35694524.068093,98224145.4438637,98719415.3910234,98337592.505939,98253336.0068858,581949735.193857,624529141.758892
27,25,1000,300,400000000,10,0.1,50,97897737.8622512,36160479.991036,96933885.7607486,97959025.0220317,97786365.9301831,97062618.1401975,559788070.904718,558720711.008954
28,25,750,300,400000000,10,0.1,20,98714981.5328444,35712608.1806895,98192460.9448005,98683768.5644143,98222100.0713887,98179611.7425428,576740127.272189,636916392.870951
28,25,1000,300,400000000,10,0.1,40,97891774.6686953,36160154.5656596,96846201.0580889,97903266.4178232,97649050.2785448,96924912.1836732,568309169.977384,552222906.168286
29,25,750,300,400000000,10,0.1,20,98714981.5328444,35712608.1806895,98192460.9448005,98683768.5644143,98222100.0713887,98179611.7425428,593410935.760233,636844413.089604
29,25,1000,300,400000000,10,0.1,40,97891774.6686953,36160154.5656596,96846201.0580889,97903266.4178232,97649050.2785448,96924912.1836732,584722921.526063,599163083.265843
30,25,750,300,400000000,10,0.1,20,98714981.5328444,35712608.1806895,98192460.9448005,98683768.5644143,98222100.0713887,98179611.7425428,563405562.808794,605295560.195455
30,25,1000,300,400000000,10,0.1,40,97891774.6686953,36160154.5656596,96846201.0580889,97903266.4178232,97649050.2785448,96924912.1836732,563813218.739347,556908808.609892
31,25,750,300,400000000,10,0.1,20,98714981.5328444,35712608.1806895,98192460.9448005,98683768.5644143,98222100.0713887,98179611.7425428,654999544.51949,737606749.278361
31,25,1000,300,400000000,10,0.1,40,97891774.6686953,36160154.5656596,96846201.0580889,97903266.4178232,97649050.2785448,96924912.1836732,545282748.27854,521306898.907553
32,25,750,300,400000000,10,0.1,10,98733111.2558994,35667288.0746961,98193637.1374934,98676655.7705774,98126967.0375464,98141828.2391231,558536206.684427,586464979.291731
32,25,1000,300,400000000,10,0.1,40,97891774.6686953,36160154.5656596,96846201.0580889,97903266.4178232,97649050.2785448,96924912.1836732,555899941.497705,555407650.917665
33,25,750,300,400000000,10,0.1,10,98733111.2558994,35667288.0746961,98193637.1374934,98676655.7705774,98126967.0375464,98141828.2391231,517299223.86645,558825602.543646
33,25,1000,300,400000000,10,0.1,30,97889874.3027693,36153808.3047909,96777101.4174037,97870879.1516884,97516779.4766527,96807042.4107456,608541878.268397,639434964.829904
34,25,750,300,400000000,10,0.1,10,98733111.2558994,35667288.0746961,98193637.1374934,98676655.7705774,98126967.0375464,98141828.2391231,581567999.200394,633972747.953966
34,25,1000,300,400000000,10,0.1,30,97889874.3027693,36153808.3047909,96777101.4174037,97870879.1516884,97516779.4766527,96807042.4107456,588609211.415506,609462594.231162
35,25,1000,300,400000000,10,0.1,30,97889874.3027693,36153808.3047909,96777101.4174037,97870879.1516884,97516779.4766527,96807042.4107456,562075465.693989,562125368.600694
36,25,1000,300,400000000,10,0.1,30,97889874.3027693,36153808.3047909,96777101.4174037,97870879.1516884,97516779.4766527,96807042.4107456,541931876.930756,537936823.263496
37,25,1000,300,400000000,10,0.1,20,97861196.7063303,36188393.4398781,96646211.7557518,97842866.5821018,97412813.4389329,96702833.8340409,555598033.816694,562850782.143322
38,25,1000,300,400000000,10,0.1,20,97861196.7063303,36188393.4398781,96646211.7557518,97842866.5821018,97412813.4389329,96702833.8340409,526733741.570471,513328202.899877
39,25,1000,300,400000000,10,0.1,20,97861196.7063303,36188393.4398781,96646211.7557518,97842866.5821018,97412813.4389329,96702833.8340409,580046531.553594,592079423.420327
40,25,1000,300,400000000,10,0.1,20,97861196.7063303,36188393.4398781,96646211.7557518,97842866.5821018,97412813.4389329,96702833.8340409,550152706.594102,556439593.485852
41,25,1000,300,400000000,10,0.1,20,97861196.7063303,36188393.4398781,96646211.7557518,97842866.5821018,97412813.4389329,96702833.8340409,530635749.002904,543554237.280547
42,25,1000,300,400000000,10,0.1,10,97841179.6674279,36221545.7252216,96532690.7252769,97885617.8628427,97400094.9682861,96719648.5083095,584977532.434684,617849923.418488
43,25,1000,300,400000000,10,0.1,10,97841179.6674279,36221545.7252216,96532690.7252769,97885617.8628427,97400094.9682861,96719648.5083095,570631672.747805,625956589.184791
44,25,1000,300,400000000,10,0.1,10,97841179.6674279,36221545.7252216,96532690.7252769,97885617.8628427,97400094.9682861,96719648.5083095,514539710.813173,498732317.428046
45,25,1000,300,400000000,10,0.1,10,97841179.6674279,36221545.7252216,96532690.7252769,97885617.8628427,97400094.9682861,96719648.5083095,612010224.219203,657490664.817041
