UEIdx,numUEsub6,lambdaBS,numBlockers,discoveryDelay,failureDetectionDelay,connectionSetupDelay,signalingAfterRachDelay,frameHopCount,frameDeliveryDelay,minRatereq,GroupCount,mean_outageProbability_wo_CF_Analysis,std_outageProbability_wo_CF_Analysis,mean_outageProbabilityAnalysis,std_outageProbabilityAnalysis,mean_meanOutageDuration_wo_CF,std_meanOutageDuration_wo_CF,mean_outageProbability_wo_CF,std_outageProbability_wo_CF,mean_meanOutageDuration,std_meanOutageDuration,mean_outageProbability,std_outageProbability
1,2,200,4000,0.02,0,0.01,0,0,0,10000000,128,0.00753310617934175,0.0278727567705857,0,0,0.0323769171378607,0.0985376541468562,0.0116846288870928,0.0314443354163605,0.000153099394212029,7.99391377242569e-05,5.00038296896367e-05,1.30518078454619e-09
1,2,200,4000,0.02,0,0.01,0,0,0,100000000,146,0.00508819354322344,0.0172684675638371,0.000311888446502871,0.00376856243772718,0.0221024863760406,0.0544628836837697,0.00908221891914021,0.0219701791759357,0.00199293890824831,0.0183568001687636,0.00116710570008021,0.0119277719425332
1,2,200,4000,0.02,0,0.02,0,0,0,10000000,128,0.00996118032227841,0.0281876794135972,0,0,0.0426871456927215,0.0988346350162173,0.0156074644739,0.0315181280625567,0.000207020054110248,0.000117037339918427,6.69309084656789e-05,2.94639657264866e-06
1,2,200,4000,0.02,0,0.02,0,0,0,100000000,146,0.0074688680799297,0.0176253540213294,0.000343443607867169,0.00414984490319619,0.0323683333780695,0.0544402718538817,0.0130019191306148,0.0222567066527622,0.00217969419389769,0.0187262317620783,0.00123093443549937,0.0120553245208954
1,2,200,4000,0.02,0,0.05,0,0,0,10000000,128,0.0171561177852444,0.029384626562812,0,0,0.0744305886657561,0.100455602650997,0.0272097264681638,0.0321379539703741,0.000375790859980033,0.000228519876863734,0.000118623529298959,1.64181944681563e-05
1,2,200,4000,0.02,0,0.05,0,0,0,100000000,146,0.0145258143189982,0.0190705139837181,0.000436307437472521,0.00527192282560171,0.0639694368980352,0.0549975713182333,0.0246758395862929,0.0235904370521492,0.00280325148983332,0.022613948361447,0.00146515327160757,0.013729216219254
1,2,200,4000,0.05,0,0.01,0,0,0,10000000,128,0.00784936849296864,0.0291431566645153,0,0,0.0355938647974334,0.104222312183778,0.0128172316290706,0.0330462325669486,0.000309266299015258,0.000161019602381593,0.000100134011330246,1.47303401722043e-06
1,2,200,4000,0.05,0,0.01,0,0,0,100000000,146,0.0053027839834751,0.0181471551884121,0.00033782197215849,0.00408191842048143,0.0248848127628554,0.0578142126707496,0.010188958222775,0.0233843169385663,0.00250073259435808,0.0204672359269667,0.00137608234145464,0.0129959485638715
1,2,200,4000,0.05,0,0.02,0,0,0,10000000,128,0.0102760832861528,0.0294518101557438,0,0,0.0461364058414394,0.105202425602229,0.0167271126948784,0.0331296163967468,0.000366490938491742,0.000204927899576286,0.000117191283856281,5.89245712969159e-06
1,2,200,4000,0.05,0,0.02,0,0,0,100000000,146,0.00768254333335538,0.0185010283829184,0.000369251956349242,0.00446168836440763,0.0353021162661388,0.0578417472057385,0.0141308997798843,0.0236754405080862,0.00246725762932435,0.0208212277477843,0.00135892013958351,0.0131683601615613
1,2,200,4000,0.05,0,0.05,0,0,0,10000000,128,0.0174670192268446,0.030618878935591,0,0,0.0778405795764084,0.105618497296443,0.0283580282580741,0.0336632539468934,0.000539115267484311,0.000325007951718435,0.000168623511330201,1.26568836426228e-05
1,2,200,4000,0.05,0,0.05,0,0,0,100000000,146,0.0147367919276264,0.0199195336802681,0.000461747401474461,0.00557931508020374,0.0671501463057814,0.0584303881444705,0.0258946814199012,0.0249125846183535,0.00326583550742548,0.0247402876454255,0.00165124690194761,0.0146828662823095
1,2,300,4000,0.02,0,0.01,0,0,0,10000000,125,0.00251998226207164,0.00268631353611593,0,0,0.0123050144050029,0.00827376883872699,0.0049426708414227,0.00387173083267088,0.000153429257139184,0.000107672998189107,5.01372901355392e-05,1.49083667597338e-06
1,2,300,4000,0.02,0,0.01,0,0,0,100000000,143,0.00194305296013777,0.0010668769028227,0,0,0.0112103391477016,0.00224481097687091,0.00401450264522087,0.00154918682175242,0.000175933651809173,0.000190955629518594,5.0120131470507e-05,1.39384684836253e-06
1,2,300,4000,0.02,0,0.02,0,0,0,10000000,125,0.00476621681614221,0.00339052070552302,0,0,0.0225811663277695,0.00829371764904928,0.00904596465683742,0.0046280408781634,0.000210155565745409,0.00017973664819129,6.747063493554e-05,6.64494168763417e-06
1,2,300,4000,0.02,0,0.02,0,0,0,100000000,143,0.00384738010407803,0.00205908498503846,0,0,0.0214805605287529,0.00233526391313411,0.00765089504810485,0.00262432452955053,0.000236822000799699,0.000253305433593265,6.76026220299259e-05,5.51586628759347e-06
1,2,300,4000,0.02,0,0.05,0,0,0,10000000,125,0.0114306219736772,0.00615865446316563,0,0,0.054206953242347,0.00840443257126691,0.0210831504042551,0.00804362611365425,0.000381939486231447,0.000291952913880562,0.000120003867202158,1.63954798313746e-05
1,2,300,4000,0.02,0,0.05,0,0,0,100000000,143,0.00950520748937315,0.00500340260542176,0,0,0.0530055480240781,0.00274907779940981,0.0184825324055409,0.00620989531128711,0.000418664889511295,0.000422545110838533,0.000119001141843411,1.378947832838e-05
1,2,300,4000,0.05,0,0.01,0,0,0,10000000,125,0.0025503870948474,0.00289926864648714,0,0,0.0141235682504651,0.00932458689371984,0.00565625036702319,0.0044247581128833,0.000308209261106896,0.000208992303815715,0.00010013726933553,1.49063118917965e-06
1,2,300,4000,0.05,0,0.01,0,0,0,100000000,143,0.00194860590426544,0.0010807955536623,0,0,0.0128677124849081,0.00283404605147279,0.00457225902426258,0.0017985634344095,0.000351886254673063,0.000380840896133626,0.000100003558626664,1.19039464261016e-09
1,2,300,4000,0.05,0,0.02,0,0,0,10000000,125,0.00479651086510374,0.00357229088042667,0,0,0.0245743807571222,0.00942355464768214,0.00971021102920835,0.00520333594700671,0.000360027041096309,0.000217425706716517,0.000117470575468848,5.12207396219596e-06
1,2,300,4000,0.05,0,0.02,0,0,0,100000000,143,0.00385291484373317,0.00206996646059017,0,0,0.0232664900058641,0.0029741626517787,0.00819785519193545,0.0029243319927536,0.00041751572710905,0.000445060720522844,0.000116903283102173,2.78756488587867e-06
1,2,300,4000,0.05,0,0.05,0,0,0,10000000,125,0.0114605884934274,0.00627812678674966,0,0,0.0566263107862831,0.00958272875869906,0.0218636020536112,0.00843312223600216,0.000539489367009586,0.000414068323041035,0.00016933717053546,1.4725579797995e-05
1,2,300,4000,0.05,0,0.05,0,0,0,100000000,143,0.0095106883641512,0.00501223964443428,0,0,0.0551212510795713,0.00366436929476566,0.0189908022071137,0.00637859651474447,0.000612422757072333,0.000639146920875714,0.000168418353148748,1.19848423743753e-05
1,2,400,4000,0.02,0,0.01,0,0,0,10000000,139,0.00178793382607971,0.000990189005226265,0,0,0.0108576730318535,0.00232017796150726,0.00382210801534792,0.00149653298727057,0.000171209517892218,0.000104308236745176,5.00035181074705e-05,1.23073057177524e-09
1,2,400,4000,0.02,0,0.01,0,0,0,100000000,135,0.00177248979587182,0.000971956881148867,0,0,0.0109345383542052,0.00284962274543551,0.00381854618969706,0.00161016478484174,0.000168644703800557,9.21772636945014e-05,5.01269303723178e-05,1.43462312620097e-06
1,2,400,4000,0.02,0,0.02,0,0,0,10000000,139,0.00355926087646034,0.00196127073028371,0,0,0.0211161740745436,0.00236086266226373,0.00739141128082865,0.00259947634142481,0.000228826470828419,0.000136755727209645,6.69099676278417e-05,2.82724176758686e-06
1,2,400,4000,0.02,0,0.02,0,0,0,100000000,135,0.00350979042263677,0.00186859877089007,0,0,0.0212072197160448,0.00287148542387137,0.00733308701101163,0.00258691656140593,0.000226371390173115,0.000120654395040508,6.71639339525355e-05,4.04225167372813e-06
1,2,400,4000,0.02,0,0.05,0,0,0,10000000,139,0.00882459329298562,0.00482692930040225,0,0,0.0527202669055938,0.00286816347741893,0.0180311720818484,0.0062252870961473,0.000417124756170378,0.000257092042679769,0.000118468633934747,1.215349732603e-05
1,2,400,4000,0.02,0,0.05,0,0,0,100000000,135,0.00867587613642821,0.00454085447931843,0,0,0.0526891338663854,0.00310070613660355,0.0180273227937267,0.00606123258067986,0.000405302323202122,0.000218022025593646,0.000119139203829078,1.41831389739569e-05
1,2,400,4000,0.05,0,0.01,0,0,0,10000000,139,0.00178952178516797,0.000992723848917998,0,0,0.0123541562235945,0.00280847390151706,0.00432393910321441,0.00170536106312684,0.000339764897557299,0.000201411576434818,0.000100003502400027,1.19475836614521e-09
1,2,400,4000,0.05,0,0.01,0,0,0,100000000,135,0.0017770210344868,0.000985183639679025,0,0,0.0124202749836273,0.00331133931293633,0.00434100040601824,0.00185577532623829,0.000335905306822341,0.000182385225707477,0.000100126929384658,1.43445991031459e-06
1,2,400,4000,0.05,0,0.02,0,0,0,10000000,139,0.00356084454212775,0.00196329610366745,0,0,0.0228373959396922,0.00283982713989478,0.00790820233578348,0.0028455105534702,0.000402446865504934,0.000239512565972409,0.000116670121224934,1.18483135381331e-09
1,2,400,4000,0.05,0,0.02,0,0,0,100000000,135,0.00351430920858686,0.00187791259392051,0,0,0.022827126404683,0.0033665459243035,0.00787905135280733,0.00285186269305112,0.000397271504245005,0.000219525544503585,0.000117163928643896,4.04212104482696e-06
1,2,400,4000,0.05,0,0.05,0,0,0,10000000,139,0.00882616423905298,0.00482862915783135,0,0,0.0545558719616166,0.00358726279778205,0.0185987570291411,0.00655453048679601,0.000588892604531444,0.000347106335982143,0.000167269583215318,7.06821730033134e-06
1,2,400,4000,0.05,0,0.05,0,0,0,100000000,135,0.00868035798388917,0.00454758621371213,0,0,0.0545755973038197,0.00370715702348297,0.0187067017336314,0.00636630086456269,0.000576692960985294,0.000305390626409138,0.000169756491606843,1.87930211494706e-05
1,2,500,4000,0.02,0,0.01,0,0,0,10000000,140,0.0016497482641374,0.000839838850711601,0,0,0.0105206697869143,0.000286529451892274,0.00376949406594845,0.00125566472253069,0.000167780476895983,0.000124356703461727,5.00035735733986e-05,1.20794631556295e-09
1,2,500,4000,0.02,0,0.01,0,0,0,100000000,123,0.00167235314936958,0.000875736561069842,0,0,0.0105123523789796,0.000331746268850801,0.00388005330698617,0.00125905459910608,0.000164867063601002,0.000112259894501716,5.00036869938943e-05,1.20871700218686e-09
1,2,500,4000,0.02,0,0.02,0,0,0,10000000,140,0.00329266085874266,0.00167326942640042,0,0,0.0208195630976836,0.000422558459785932,0.00743270833630501,0.00244391096172367,0.000223949610862211,0.000171540742932921,6.66702248829172e-05,1.17994650565037e-09
1,2,500,4000,0.02,0,0.02,0,0,0,100000000,123,0.00333760624799423,0.00174522334154078,0,0,0.0207787193209238,0.000430835928297964,0.00772606691586955,0.00248573494317608,0.000217425539176002,0.000144723276908143,6.69413756118e-05,3.00551057744076e-06
1,2,500,4000,0.02,0,0.05,0,0,0,10000000,140,0.00818092765080107,0.00413594441743667,0,0,0.052318165319319,0.00118988234156476,0.0184982324941963,0.00632496698464251,0.00039682593523438,0.00025852625292723,0.000117860662859087,9.92426366137964e-06
1,2,500,4000,0.02,0,0.05,0,0,0,100000000,123,0.00829129359136814,0.00431680178056428,0,0,0.0522707841493094,0.00094451005150747,0.0192595357116722,0.00622936625119508,0.000386400743861702,0.000252012522558145,0.000118702854338056,1.29074664136995e-05
1,2,500,4000,0.05,0,0.01,0,0,0,10000000,140,0.00164975156604525,0.000839849666858311,0,0,0.0119652587127407,0.0008340242092707,0.00427627977428182,0.00143917482090204,0.000335421257435597,0.000242643740527161,0.000100003567621019,1.20007024537288e-09
1,2,500,4000,0.05,0,0.01,0,0,0,100000000,123,0.00167235354839786,0.000875737103333405,0,0,0.0119244789988139,0.000755061076978074,0.00443001634295704,0.00146704874151098,0.000327823325111078,0.000217963471559916,0.000100139215991203,1.50291068367264e-06
1,2,500,4000,0.05,0,0.02,0,0,0,10000000,140,0.0032926641462511,0.00167328016883417,0,0,0.02246891094151,0.00100171863949133,0.00799623404681141,0.00262246327196221,0.000391265355172884,0.00027698801385321,0.0001171464055972,3.96967615569227e-06
1,2,500,4000,0.05,0,0.02,0,0,0,100000000,123,0.0033376066458877,0.00174522388149895,0,0,0.0223423082511253,0.000925492958734718,0.00819884005358593,0.00275563226671025,0.0003892493980491,0.000255539020372049,0.000117212330489812,4.233209448067e-06
1,2,500,4000,0.05,0,0.05,0,0,0,10000000,140,0.00818093089587714,0.00413595494603766,0,0,0.0542173768987423,0.00164042742323247,0.0188724724447027,0.00645128273404558,0.00058295728982185,0.000434362362012589,0.000168455845478102,1.21106601355596e-05
1,2,500,4000,0.05,0,0.05,0,0,0,100000000,123,0.00829129398589853,0.00431680231374125,0,0,0.0540352278011427,0.00163414434984924,0.0195835403481831,0.00660553998849738,0.000567581761487066,0.000374218151685211,0.000169380302576491,1.48419302607507e-05
1,4,200,4000,0.02,0,0.01,0,0,0,10000000,131,0.00783654026801894,0.0242223747985436,0,0,0.0320210048048146,0.0764159155965639,0.0134767763376089,0.0286951761628606,0.000146032996427688,8.12855534362202e-05,5.00040660328122e-05,1.48381581113542e-09
1,4,200,4000,0.02,0,0.01,0,0,0,100000000,147,0.00530993193138044,0.022396032702905,0.00214327002507442,0.0222253234480936,0.0248974880771071,0.0670871843939852,0.00936204296158582,0.0268395125865549,0.00669011267215216,0.0534253940401531,0.00306293618238946,0.0258019038439023
1,4,200,4000,0.02,0,0.02,0,0,0,10000000,131,0.0103687830425811,0.0246803290202172,0,0,0.0423881746678877,0.0768760606607415,0.0175984861816551,0.028996426063114,0.000195740250410267,0.000108059009282493,6.6670706490816e-05,1.47448549421249e-09
1,4,200,4000,0.02,0,0.02,0,0,0,100000000,147,0.00763382064241159,0.0227501133797033,0.00224401386736744,0.0226757355651534,0.0352039904774721,0.0672914967017985,0.0132220353175399,0.0270949018162247,0.00732350781903894,0.0551598826390696,0.0033232597196871,0.0264291769706688
1,4,200,4000,0.02,0,0.05,0,0,0,10000000,131,0.0178668319267834,0.0263607285408133,0,0,0.0742258465858558,0.0774528599390578,0.0298432994440442,0.0303547035107211,0.000357835672296578,0.000201198864841358,0.000118578999493301,1.2513657421926e-05
1,4,200,4000,0.02,0,0.05,0,0,0,100000000,147,0.0145217488264288,0.0241256813717511,0.00254075613957385,0.0240391440081412,0.0668447737351662,0.0686224864556538,0.0246262804985777,0.028308802990774,0.00857534524512449,0.0599627443792387,0.00379923275845474,0.0278231265123625
1,4,200,4000,0.05,0,0.01,0,0,0,10000000,131,0.00822695763622687,0.0255071653799389,0,0,0.0357179746409259,0.081376609995363,0.0149970223305844,0.0305438601293306,0.000294639897367421,0.000172154745983264,0.00010025851018039,2.05156128238311e-06
1,4,200,4000,0.05,0,0.01,0,0,0,100000000,147,0.00551218178990472,0.0233588450007842,0.00224303051257179,0.0231468404753523,0.0278561518633394,0.072051940848327,0.010444987123902,0.0283158182232282,0.00750774312739121,0.0577373120270886,0.00334069288886136,0.0271633364259361
1,4,200,4000,0.05,0,0.02,0,0,0,10000000,131,0.0107573665601775,0.0259628235199757,0,0,0.0462347458750166,0.0817519641395872,0.0191535391715417,0.0308482755977914,0.000347023371613275,0.000206058358103817,0.000117179602674015,4.10296044989036e-06
1,4,200,4000,0.05,0,0.02,0,0,0,100000000,147,0.00783511514536409,0.0237068859940375,0.0023431887890638,0.02359223942043,0.0383291313877622,0.0724828041363811,0.0143063169811598,0.0285726395305483,0.00794811312598562,0.0592293182845438,0.00352055890275743,0.0276095254303271
1,4,200,4000,0.05,0,0.05,0,0,0,10000000,131,0.0182500230351507,0.0276191826386237,0,0,0.078334060664321,0.0820767671917971,0.0314931691869667,0.032072264954309,0.000510986278991098,0.000302611846584214,0.000169215131299924,1.43930361358085e-05
1,4,200,4000,0.05,0,0.05,0,0,0,100000000,147,0.0147202393225069,0.0250517528256979,0.00263821769223486,0.0249391721407596,0.0700052991697096,0.072681009817532,0.0258303847861829,0.0296742017429472,0.0092563358976306,0.0630197174387516,0.00403272692682531,0.0288375210354721
1,4,300,4000,0.02,0,0.01,0,0,0,10000000,142,0.0020504625592459,0.00121948806725348,0,0,0.011255171223681,0.00336598813081321,0.00414959285073811,0.00213368142144448,0.00016337714798049,8.57134440363272e-05,5.02383769973549e-05,1.97093808124443e-06
1,4,300,4000,0.02,0,0.01,0,0,0,100000000,113,0.00208444160233821,0.00178698698354189,1.73891135401496e-05,0.000184848812485988,0.0114748920480067,0.00515783238090456,0.00436230178643266,0.00368099432725828,0.000416486479245982,0.00185613657442199,0.000200499989433885,0.00124181000973708
1,4,300,4000,0.02,0,0.02,0,0,0,10000000,142,0.0040428745420868,0.00228821654112989,0,0,0.021541698922012,0.00342008807060636,0.00782985091383747,0.00319542077453542,0.000219948312716199,0.000115729173822488,6.71397508236232e-05,3.94186589366082e-06
1,4,300,4000,0.02,0,0.02,0,0,0,100000000,113,0.00401809297018875,0.00266507072432485,3.46502894444389e-05,0.000368337629247846,0.0217161239916835,0.00523209946641526,0.00807631437150178,0.0044995672821459,0.000541216503301747,0.00203485155501374,0.000245911634368393,0.00129388699832956
1,4,300,4000,0.02,0,0.05,0,0,0,10000000,142,0.00995853319342894,0.00549920792218732,0,0,0.0529806530344113,0.00350933798086719,0.0188861940007263,0.00680686725299329,0.00039084488437609,0.000209218827161045,0.000117843915025468,9.85468672567619e-06
1,4,300,4000,0.02,0,0.05,0,0,0,100000000,113,0.00976237354999054,0.00551489339087544,8.60313635703407e-05,0.00091452593922111,0.0531531297885898,0.0053433849975622,0.0191740480163215,0.00762772609945513,0.00102166968081134,0.00355359358654574,0.000432344798915192,0.00193800559360009
1,4,300,4000,0.05,0,0.01,0,0,0,10000000,142,0.0020583430722662,0.00124646683078116,0,0,0.0128346100523352,0.00391834568217244,0.00471712261183427,0.00247931434041813,0.000328826680411515,0.000173803077696337,0.000100003618546639,1.31690170718734e-09
1,4,300,4000,0.05,0,0.01,0,0,0,100000000,113,0.00210467353854047,0.00192358422487781,1.74064692418558e-05,0.000185033306125807,0.0130387058987531,0.00598298793147977,0.0049111923294272,0.00423267395847895,0.000588328463529918,0.00193269088386271,0.000252888896336782,0.00128975210396622
1,4,300,4000,0.05,0,0.02,0,0,0,10000000,142,0.00405072883154761,0.0023071667383734,0,0,0.0232068191598416,0.00395165698631674,0.00843103314070881,0.00354367713189972,0.000384817601532399,0.000203263824956373,0.000116670257865866,1.27953548115271e-09
1,4,300,4000,0.05,0,0.02,0,0,0,100000000,113,0.00403822591995407,0.0027791786233148,3.46676112269743e-05,0.000368521762321934,0.0234241143463806,0.00606394077610581,0.00862796218549225,0.00503294331434653,0.000768486924166503,0.00260271074986365,0.000330819916390047,0.00166508471594885
1,4,300,4000,0.05,0,0.05,0,0,0,10000000,142,0.00996630987234836,0.0055125356921933,0,0,0.0550820326697136,0.00402845727537797,0.0196341078595029,0.00718376209897194,0.000566116875868183,0.000308485334261537,0.000169604478523119,1.83327553997628e-05
1,4,300,4000,0.05,0,0.05,0,0,0,100000000,113,0.00978221552028531,0.00560017544190722,8.60485843862106e-05,0.000914708999004821,0.0553066475617036,0.00618948518826069,0.01989245450503,0.00811096095837068,0.001272756190813,0.00434022528534252,0.00054659353596818,0.00264251435832398
1,4,400,4000,0.02,0,0.01,0,0,0,10000000,145,0.00177353582439384,0.00088231576137412,0,0,0.0105664323446422,0.000437819846073066,0.00378698027978555,0.00126707919430525,0.000167935877703001,0.00012072437444891,5.01185139100441e-05,1.38412769124856e-06
1,4,400,4000,0.02,0,0.01,0,0,0,100000000,107,0.00197819860819998,0.000969872564772384,2.5144251560129e-05,0.000260094160560244,0.0105756445767504,0.000662146150954606,0.00402003803344505,0.00126673150660172,0.000212406056758606,0.000481667868724928,7.91314948618635e-05,0.000196391729350182
1,4,400,4000,0.02,0,0.02,0,0,0,10000000,145,0.00353854147826026,0.00175679631424747,0,0,0.0208078544340464,0.000531103964150098,0.00741923124018704,0.00243365446165317,0.000225718678566715,0.000165921283926497,6.69001000019848e-05,2.76820953085033e-06
1,4,400,4000,0.02,0,0.02,0,0,0,100000000,107,0.00394115687040846,0.00190984821366534,5.01496040690009e-05,0.000518751538162248,0.0208580114895532,0.000761617480057753,0.00792121258630142,0.00232142965908402,0.000322459513328906,0.000893053914352632,0.000120564518226342,0.000346338968684743
1,4,400,4000,0.02,0,0.05,0,0,0,10000000,145,0.0087872934479845,0.00434058548641921,0,0,0.0523318924098702,0.0011828662799999,0.0183181131907962,0.00586185859920181,0.000406475074053055,0.000331238423273196,0.000118394287703099,1.19032053694496e-05
1,4,400,4000,0.02,0,0.05,0,0,0,100000000,107,0.00977359428419821,0.00467839914187296,0.000124367079388609,0.00128646307238678,0.0523227481248732,0.0011416020825764,0.0193242585634016,0.00555094123558474,0.000749318551017909,0.00260885536063693,0.00027940041468745,0.00100484202169772
1,4,400,4000,0.05,0,0.01,0,0,0,10000000,145,0.00177373291061984,0.000882618165566665,0,0,0.0120694391673867,0.000929377509916998,0.00427365857220407,0.00146562991988062,0.000343830804876857,0.000265523006781434,0.000100233416898538,1.95077979137989e-06
1,4,400,4000,0.05,0,0.01,0,0,0,100000000,107,0.00197964917862776,0.000975296254674199,2.51458771218393e-05,0.000260110975501324,0.011892256385146,0.0010153511992662,0.00454799073189832,0.00150261852335035,0.000383351582167374,0.000611830589244482,0.000142181115326053,0.000257544679727412
1,4,400,4000,0.05,0,0.02,0,0,0,10000000,145,0.00353873796442677,0.00175709068535764,0,0,0.0224015374313038,0.00111443171590137,0.00800802641680115,0.0026609206742932,0.000396439117710949,0.00030425873276204,0.00011712999712844,3.90135277260931e-06
1,4,400,4000,0.05,0,0.02,0,0,0,100000000,107,0.0039426000199608,0.00191497150089052,5.01512252696701e-05,0.000518768307992368,0.0223149385254945,0.0011940840880816,0.00851071640816364,0.00255740332702224,0.000491594784766942,0.00100799564116968,0.000184427459970897,0.000420612072059673
1,4,400,4000,0.05,0,0.05,0,0,0,10000000,145,0.0087874881562798,0.00434087242194742,0,0,0.0542558132370626,0.00182730708861857,0.0191282861290016,0.00639892852806326,0.000585203849618785,0.000470664523346889,0.000169543742990481,1.52583283131958e-05
1,4,400,4000,0.05,0,0.05,0,0,0,100000000,107,0.00977501562500807,0.00468325351043583,0.00012436868764543,0.00128647970832469,0.054168015822643,0.00158310821026748,0.0201146354492061,0.00594032762266057,0.000871687533545778,0.0023184786328658,0.000340344655110065,0.00103420386780334
1,4,500,4000,0.02,0,0.01,0,0,0,10000000,147,0.00154510711268538,0.000751041601374018,0,0,0.0105204874709492,0.000343185258980412,0.003629666963259,0.00125594049104037,0.000189146109784615,0.000274611407063661,5.00034407048442e-05,1.19309363068603e-09
1,4,500,4000,0.02,0,0.01,0,0,0,100000000,122,0.00161130428011119,0.000903001831625464,0,0,0.0105160414124168,0.000300943028479023,0.00384477314229491,0.00131544388135036,0.000174124786048758,0.000140858606067981,5.49981563243434e-05,5.36661261001564e-05
1,4,500,4000,0.02,0,0.02,0,0,0,10000000,147,0.00308432065659763,0.00149699354103995,0,0,0.0207845089256102,0.000480839383930664,0.00707194097622688,0.00241198976087219,0.000254851397106658,0.00036564973701757,6.66700560109218e-05,1.15896240410092e-09
1,4,500,4000,0.02,0,0.02,0,0,0,100000000,122,0.0032158132752887,0.00179950063390467,0,0,0.0207531832634691,0.000432838920310212,0.00757782453569554,0.00260141547719057,0.000240914935508839,0.000261257377369063,7.78724878435435e-05,0.000120727245406113
1,4,500,4000,0.02,0,0.05,0,0,0,10000000,147,0.00766705070834476,0.00370490741112352,0,0,0.0522755157082357,0.00109722418714575,0.0174831482733377,0.00587221374256048,0.000444254186329966,0.000532320194868597,0.000117236887870301,6.8731931286688e-06
1,4,500,4000,0.02,0,0.05,0,0,0,100000000,122,0.00798907829679062,0.0044506282556109,0,0,0.0522039530566374,0.00101852353625429,0.0188719126450948,0.00623020836445524,0.000412429567615617,0.000409154323507589,0.000135112886067558,0.000188790774287482
1,4,500,4000,0.05,0,0.01,0,0,0,10000000,147,0.00154511109636919,0.000751050318111393,0,0,0.0121067410310941,0.00113444879594204,0.00408522974634136,0.00145549762906419,0.000383998864212188,0.000549107995229366,0.000100003373584616,1.15578295437183e-09
1,4,500,4000,0.05,0,0.01,0,0,0,100000000,122,0.00161130447414258,0.000903002053116533,0,0,0.011864322602011,0.00075682795877453,0.004324320039468,0.00152549449220023,0.000339243986670605,0.000229408760704885,0.000105877938253356,6.48840924082572e-05
1,4,500,4000,0.05,0,0.02,0,0,0,10000000,147,0.00308432462766998,0.00149700221752392,0,0,0.0224992557638355,0.00124134825086191,0.00750109465492727,0.00257156804452036,0.000452104872554551,0.000639905630643413,0.000116669995013157,1.12912324324828e-09
1,4,500,4000,0.05,0,0.02,0,0,0,100000000,122,0.00321581346881046,0.00179950085479639,0,0,0.0222772650608834,0.000875350144625833,0.00808943653473933,0.00282434460537852,0.000403780275913475,0.000296435520892707,0.000125686672679589,9.95894412192436e-05
1,4,500,4000,0.05,0,0.05,0,0,0,10000000,147,0.00766705464205925,0.00370491597714398,0,0,0.0542047780790953,0.00187693714109824,0.0180431570697925,0.00603884167632435,0.000653116916549842,0.00101901918061927,0.000167236875285267,6.87323015724779e-06
1,4,500,4000,0.05,0,0.05,0,0,0,100000000,122,0.00798907848879966,0.00445062847473422,0,0,0.054001403709983,0.00149868042851758,0.0193643989546578,0.0064925368082613,0.000595106192506821,0.000617930016001514,0.000192626518034758,0.00028669665688484
1,6,200,4000,0.02,0,0.01,0,0,0,10000000,139,0.0134081044847969,0.0459768157721104,0,0,0.0442394777230128,0.125059451487867,0.0179207143471534,0.0506140591499868,0.00115457046409136,0.0118625802043163,0.000442574778856691,0.00462691740075149
1,6,200,4000,0.02,0,0.01,0,0,0,100000000,132,0.0079613659975446,0.0282838842163989,0.00482742220211378,0.0281816092076317,0.03029806871967,0.0767545806101757,0.0124846611975824,0.032045886641187,0.0116397527416896,0.0627193091233935,0.00542968754887242,0.0288488023869727
1,6,200,4000,0.02,0,0.02,0,0,0,10000000,139,0.0159548365437834,0.0464231316630668,0,0,0.0546693450257898,0.125379631661121,0.0219740566732533,0.0506714535765427,0.0011595771421548,0.0112975807308899,0.000440927020972569,0.0044067238356104
1,6,200,4000,0.02,0,0.02,0,0,0,100000000,132,0.0104579294190035,0.0287199057244866,0.00523455178456571,0.0288834141760989,0.0406315653910636,0.0769417054873825,0.0164093563355403,0.0322784902904068,0.012688318838487,0.0646103607094406,0.00589894710065097,0.0296284757098237
1,6,200,4000,0.02,0,0.05,0,0,0,10000000,139,0.0234971878824498,0.0478734437644958,0,0,0.0866297277232835,0.126918243884823,0.0342015032627925,0.0510513740561101,0.00116195203319033,0.00951970633385384,0.000426697833008,0.00363382933720979
1,6,200,4000,0.02,0,0.05,0,0,0,100000000,132,0.0178525000174299,0.0302658516002183,0.00643362464856789,0.0311538530676344,0.0724692685716575,0.0784072171876308,0.0283053618008506,0.0332841901740974,0.0158443406130817,0.0711830689766226,0.00723351487301412,0.0320751466936193
1,6,200,4000,0.05,0,0.01,0,0,0,10000000,139,0.0139695676649972,0.0479953196699843,0,0,0.0482979667053073,0.132607575627178,0.0193985647809287,0.0530157020358942,0.00104904228724476,0.00885753218169352,0.000386777506661196,0.00338100979430264
1,6,200,4000,0.05,0,0.01,0,0,0,100000000,132,0.00833269097495632,0.0296223431469196,0.00508707155849499,0.0294642138907828,0.0337750252920912,0.0824806830530963,0.0138159788053013,0.0339069186240246,0.01277141453248,0.0672853092321355,0.00585722086886194,0.0304088803673532
1,6,200,4000,0.05,0,0.02,0,0,0,10000000,139,0.0165133907902163,0.0484311054199452,0,0,0.0589375384934162,0.133090322280954,0.0234964587459584,0.0530574942906502,0.0012511102849342,0.0106115359293542,0.000460478214589085,0.00405058479804203
1,6,200,4000,0.05,0,0.02,0,0,0,100000000,132,0.0108274340800383,0.0300540105702592,0.00549284606201958,0.0301638543549982,0.0442399677160235,0.0827131778479144,0.0177717961525762,0.0341381511895837,0.0141964562230929,0.0705836857985246,0.00643520703670605,0.0313957126943759
1,6,200,4000,0.05,0,0.05,0,0,0,10000000,139,0.024047199986324,0.0498442082773321,0,0,0.0913615323349235,0.134705332439986,0.0357044058756478,0.053298047708208,0.00184447623286247,0.0156804786895615,0.000670535654387347,0.00593336666829633
1,6,200,4000,0.05,0,0.05,0,0,0,100000000,132,0.0182166555701626,0.0315748476661164,0.00668794068207445,0.032418229727979,0.0761713621698178,0.0836950412541818,0.0295280847513251,0.0350842687432024,0.0165700950003261,0.0745582468050966,0.00755734512949235,0.033456487719608
1,6,300,4000,0.02,0,0.01,0,0,0,10000000,141,0.00211803448513917,0.00119338743487323,0,0,0.0112293853139846,0.00463941454658664,0.004342788733135,0.00312644429419511,0.000166938259237166,0.000166202349160655,5.01219689146284e-05,1.40356603434573e-06
1,6,300,4000,0.02,0,0.01,0,0,0,100000000,131,0.0021427600798709,0.00108073806219576,0.000115876628969465,0.000675758196272786,0.0109166670514729,0.00129742608737596,0.00417102521583549,0.0015412128227095,0.000474944681631712,0.00116551258780822,0.000206687107763332,0.000627188867798146
1,6,300,4000,0.02,0,0.02,0,0,0,10000000,141,0.00417445696881767,0.00219202313062376,0,0,0.0214930834586699,0.00468408676319262,0.0081722709714599,0.00405232045784625,0.000224677464109126,0.000222238034985287,6.69068133590468e-05,2.8071558396631e-06
1,6,300,4000,0.02,0,0.02,0,0,0,100000000,131,0.00424622032387726,0.00205774876277669,0.000228564647872513,0.00132951410186658,0.0211771961874944,0.00134432640971458,0.00809393186665326,0.00281299190366645,0.000835662690531967,0.00238414781849886,0.00037897497325544,0.00129235759097344
1,6,300,4000,0.02,0,0.05,0,0,0,10000000,141,0.0102806903576937,0.00520464354524518,0,0,0.0529630697115124,0.00493457528509349,0.0195913431833309,0.00752415082767432,0.000396079011317125,0.000366744303166737,0.000117261345864895,7.01792182043569e-06
1,6,300,4000,0.02,0,0.05,0,0,0,100000000,131,0.0104923397237974,0.00495161114117757,0.000561425488471614,0.00325959701890065,0.0526811479977134,0.00173481124074608,0.0195572937720405,0.00659243893153737,0.00188650209502393,0.00586428329399418,0.000869749946160972,0.00313842227724541
1,6,300,4000,0.05,0,0.01,0,0,0,10000000,141,0.0021268411721415,0.00122855742088078,0,0,0.0128351050111805,0.00540462378468118,0.00492606951512943,0.00360253649751497,0.000336264652336677,0.000347564175756158,0.000100003735817679,1.32579183459325e-09
1,6,300,4000,0.05,0,0.01,0,0,0,100000000,131,0.00214862591181715,0.00110152428342744,0.000116453775076051,0.000679973540545516,0.012453418303294,0.00176337597908085,0.00474782721090975,0.00183534163344294,0.000707148614378255,0.0013965277988962,0.000288477523373086,0.000758788220026511
1,6,300,4000,0.05,0,0.02,0,0,0,10000000,141,0.00418323009519006,0.00221818014084251,0,0,0.0232613221010496,0.00550175599974496,0.00873651774999915,0.00450106309481054,0.000392839743697505,0.000382557553957594,0.000116670357685254,1.29254578725103e-09
1,6,300,4000,0.05,0,0.02,0,0,0,100000000,131,0.00425205920552697,0.00207568318909373,0.000229139096347467,0.00133362269700493,0.0229440583754789,0.00182408550705933,0.00871353336227189,0.00314205579786295,0.00105885582731582,0.00253619069887667,0.000456685690910775,0.00138860117887744
1,6,300,4000,0.05,0,0.05,0,0,0,10000000,141,0.0102893643766636,0.00522405309745264,0,0,0.0550387090142056,0.00573725254191424,0.0201955615348288,0.00797085628392207,0.000572687796762047,0.000532532575175585,0.00016726131536844,7.01790744467937e-06
1,6,300,4000,0.05,0,0.05,0,0,0,100000000,131,0.0104980992347792,0.00496740726975338,0.000561991993419281,0.00326358968637034,0.0546744242906782,0.00225482845715665,0.0201433499285589,0.00684092951964007,0.00206902267829951,0.00597459630472676,0.00090233230006383,0.00311428392037052
1,6,400,4000,0.02,0,0.01,0,0,0,10000000,149,0.00175585349316697,0.000996042354158554,0,0,0.0107453545418977,0.00145939951571443,0.00374774858324229,0.00138804477409606,0.000168795778215415,8.4773879690317e-05,5.0003488256949e-05,1.24791114091193e-09
1,6,400,4000,0.02,0,0.01,0,0,0,100000000,130,0.00162273135914469,0.00104087222310299,2.73506764866415e-05,0.000311845691899055,0.0106019620676841,0.000567392214525477,0.00344815420239986,0.00141776140967223,0.000309691934408023,0.000982723011599696,9.66987630964823e-05,0.000506928202911428
1,6,400,4000,0.02,0,0.02,0,0,0,10000000,149,0.00349337767654836,0.0019568925049386,0,0,0.0209527814822925,0.00148605371801378,0.00725266103597798,0.00256953723315495,0.000226009697218175,0.000113805554121875,6.6670120583541e-05,1.21843300602955e-09
1,6,400,4000,0.02,0,0.02,0,0,0,100000000,130,0.00323797557065083,0.00207300790936028,5.44901408265892e-05,0.000621283194806683,0.0208627338175052,0.000642791364573966,0.00680879522791213,0.00282340999613104,0.000466976864247215,0.00190548138795794,0.00015727044200946,0.00100072636455075
1,6,400,4000,0.02,0,0.05,0,0,0,10000000,149,0.00865893567453091,0.00479259651749296,0,0,0.0522581756859847,0.00163443590020197,0.0177575802038745,0.00641197616026364,0.000411870651231146,0.000212926148286729,0.000117788616444807,9.62220299831673e-06
1,6,400,4000,0.02,0,0.05,0,0,0,100000000,130,0.0080399577973969,0.00511934835337782,0.000134767534885058,0.00153658631377134,0.0523867151254156,0.00121196066196673,0.0170332286759981,0.00684858733131241,0.000946070999361996,0.0046605941369812,0.000346718744224398,0.00253205995587625
1,6,400,4000,0.05,0,0.01,0,0,0,10000000,149,0.00175802089065359,0.00100221139964644,0,0,0.0121694277636035,0.00191361557561232,0.00418557623511001,0.00161045855915952,0.000343925411084466,0.000175483219327551,0.00010022715861487,1.92455895588956e-06
1,6,400,4000,0.05,0,0.01,0,0,0,100000000,130,0.00162276656761701,0.00104095785820134,2.73575374226985e-05,0.000311923918605908,0.0120338685741171,0.00111377434953007,0.00390206014464715,0.00162747745176883,0.000532898728850978,0.0011410658254149,0.000152014035342798,0.000578345237212845
1,6,400,4000,0.05,0,0.02,0,0,0,10000000,149,0.00349553684789063,0.00196228490921583,0,0,0.0225487075222539,0.00197776977627285,0.00773084597109114,0.00284296751380531,0.000402610689671751,0.000200680590482041,0.000117117518010822,3.84897190051313e-06
1,6,400,4000,0.05,0,0.02,0,0,0,100000000,130,0.0032380106343927,0.00207309296092916,5.44969774699954e-05,0.000621361144534701,0.0225261302108334,0.00124356513165323,0.0073002111306122,0.00306876051308724,0.000702563933029448,0.00209639450266331,0.000214643071348673,0.00107890015037096
1,6,400,4000,0.05,0,0.05,0,0,0,10000000,149,0.00866107056911124,0.00479744589167889,0,0,0.0543088428751053,0.0023655169577957,0.0184176169940439,0.00671901128341403,0.000585385215085859,0.00028858688993545,0.000168347896646134,1.1744648001816e-05
1,6,400,4000,0.05,0,0.05,0,0,0,100000000,130,0.00803999243412553,0.00511943194146307,0.000134774299671822,0.00153666344420759,0.0544636283110461,0.00213294291365828,0.017433387785203,0.00731603175498188,0.00119654038863921,0.0047976687953542,0.000393769981532041,0.00247245076144721
1,6,500,4000,0.02,0,0.01,0,0,0,10000000,138,0.00176092494997406,0.000878539517789961,0,0,0.0105001312429658,0.000262816116893393,0.00386323781494572,0.00127656023390534,0.000164114320956984,0.000105758159826077,5.01244390116783e-05,1.41867284763218e-06
1,6,500,4000,0.02,0,0.01,0,0,0,100000000,140,0.00153555152861515,0.000841233597979278,1.88437370773193e-05,0.000222962103922347,0.0105262918864885,0.000312155498438284,0.00375819790976155,0.001190457655029,0.000198512425344854,0.000391396574826211,6.28607011924129e-05,0.000139519892479571
1,6,500,4000,0.02,0,0.02,0,0,0,10000000,138,0.00351410934084195,0.00175046275744467,0,0,0.0207773648054455,0.000373216735937825,0.00761058078934118,0.0025274068904506,0.00022090954602363,0.000139825966082276,6.73949496396899e-05,4.87870277447912e-06
1,6,500,4000,0.02,0,0.02,0,0,0,100000000,140,0.00306499474123939,0.00167628291878682,3.75882922921157e-05,0.00044475067222125,0.0207968394855687,0.000455362973235056,0.00732676928785612,0.00234085449452248,0.000292842823345022,0.000811453551648642,9.35749364304628e-05,0.000298595089193252
1,6,500,4000,0.02,0,0.05,0,0,0,10000000,138,0.0087279484014546,0.00432753735729814,0,0,0.0521491020369881,0.000937116922690409,0.018611687301762,0.00633242340624513,0.00040759885369646,0.000272669958798361,0.000119689539132391,1.56290165203815e-05
1,6,500,4000,0.02,0,0.05,0,0,0,100000000,140,0.00761711685870287,0.00414496437399743,9.32347497025157e-05,0.00110316843559481,0.0521527227508559,0.000994032088373549,0.0180309358853591,0.00596626631982877,0.000574341577484247,0.00197514099540849,0.000181074867263762,0.000712695247402672
1,6,500,4000,0.05,0,0.01,0,0,0,10000000,138,0.00176093453487518,0.000878560245208225,0,0,0.0118735139047422,0.000702286446065321,0.00434693344175737,0.00148788476363318,0.00033073530493035,0.000218571351864591,0.000100003640702493,1.20288654144256e-09
1,6,500,4000,0.05,0,0.01,0,0,0,100000000,140,0.00153555165891119,0.000841233773054119,1.88437374898171e-05,0.000222962108803087,0.0120066326321628,0.000859383935520372,0.00421557880261874,0.00144015638048206,0.000374357144844216,0.000470754517504067,0.000113574927382851,0.000156354685599313
1,6,500,4000,0.05,0,0.02,0,0,0,10000000,138,0.00351411889094449,0.00175048336616461,0,0,0.0222824275710657,0.000897267003041051,0.0081410155631335,0.0027577595554578,0.000389648218099779,0.000255995023739621,0.00011691184903582,2.83760464706132e-06
1,6,500,4000,0.05,0,0.02,0,0,0,100000000,140,0.00306499487119024,0.00167628309297872,3.75882927035279e-05,0.000444750677089144,0.0225068350609245,0.00124144582555931,0.00788517910255884,0.00268418298534159,0.000472159749831589,0.000868014527423816,0.000144527301073326,0.000312710011811895
1,6,500,4000,0.05,0,0.05,0,0,0,10000000,138,0.00872795784866725,0.00432755765503016,0,0,0.0540672888250186,0.00145989051962653,0.0192992060967576,0.00671412494809893,0.000584088210781941,0.000454388217841409,0.000168481810267656,1.21969398918664e-05
1,6,500,4000,0.05,0,0.05,0,0,0,100000000,140,0.00761711698763113,0.00414496454559749,9.32347501107057e-05,0.00110316844042458,0.0541264393164674,0.00195232683173371,0.0185532275756691,0.00617283081013018,0.000761570604970994,0.00200839176569107,0.000239289128573284,0.000809851644978688
1,8,200,4000,0.02,0,0.01,0,0,0,10000000,121,0.00351113973327269,0.00551787970793599,0,0,0.0163564871291928,0.0169945239764506,0.00677136114596016,0.00940074372503082,0.000162675388909365,0.000112223557836498,5.00038257597124e-05,1.46772775784998e-09
1,8,200,4000,0.02,0,0.01,0,0,0,100000000,132,0.00737613222047154,0.0304808154240899,0.00273409941785974,0.0230823053989926,0.0264900925970477,0.0765807455135944,0.0116245294057711,0.035517800086431,0.00822131102757006,0.0585995207166919,0.00399987267204951,0.0282388757560757
1,8,200,4000,0.02,0,0.02,0,0,0,10000000,121,0.00597429732890885,0.00632479986571011,0,0,0.0266163142752103,0.017031839048522,0.0106631857826158,0.0101109476572457,0.000218317132132188,0.000149710293428762,6.69459562004686e-05,3.03028283721868e-06
1,8,200,4000,0.02,0,0.02,0,0,0,100000000,132,0.00998117226222086,0.0308561330733413,0.00318662756179555,0.0236103365808179,0.0368658317726568,0.0772032169118942,0.0157888625733342,0.0356733272251758,0.00964181565545589,0.0599290854660595,0.00465967173573545,0.0286193120397764
1,8,200,4000,0.02,0,0.05,0,0,0,10000000,121,0.0132696270140583,0.00944165614158505,0,0,0.0580272308773182,0.0171812743782222,0.0221748169331264,0.0130563609808478,0.000393464116553422,0.00026671505902118,0.000118047794492433,1.06690290101193e-05
1,8,200,4000,0.02,0,0.05,0,0,0,100000000,132,0.0176953975004611,0.0322011827787771,0.00452211851707552,0.0254594111214093,0.0686298927837007,0.0785215359406317,0.0281538618090633,0.0364706229429414,0.0138042874563072,0.0647071003567438,0.00655677105845995,0.0304819105013657
1,8,200,4000,0.05,0,0.01,0,0,0,10000000,121,0.00363658538423297,0.00599452930821832,0,0,0.0187226291313477,0.0187595566796052,0.00774487498355239,0.010400498063386,0.00032655393943399,0.000225071602977748,0.000100003818046203,1.47252325085027e-09
1,8,200,4000,0.05,0,0.01,0,0,0,100000000,132,0.00766696255049647,0.0317950454727209,0.00285525745998042,0.0240459266176332,0.0295209925665683,0.0817453848573478,0.0128494400170267,0.0372456152330816,0.00904038811815739,0.0620639438580502,0.00432746635904111,0.0294186427940237
1,8,200,4000,0.05,0,0.02,0,0,0,10000000,121,0.00609917531995488,0.00677888006945111,0,0,0.0291824333344378,0.0188332206790668,0.0117116486207246,0.0111053918380965,0.00037976373874615,0.000260317058125162,0.000116945958266579,3.03035139130752e-06
1,8,200,4000,0.05,0,0.02,0,0,0,100000000,132,0.0102704618949285,0.0321635485973679,0.00330707137635428,0.0245679948706294,0.0400515739272013,0.0824049556976735,0.0170683575739026,0.0373912770079345,0.0107323285454376,0.0642625500107436,0.00511635468682646,0.0301647137800347
1,8,200,4000,0.05,0,0.05,0,0,0,10000000,121,0.0133928337727891,0.00981927760509227,0,0,0.0608694888183528,0.0190391056683618,0.0232129398072304,0.0140211308882309,0.000562116144501417,0.000376716276993855,0.000168047776861565,1.06690703581794e-05
1,8,200,4000,0.05,0,0.05,0,0,0,100000000,132,0.0179801661788523,0.033478582430106,0.00464047121938465,0.0263888393700621,0.0721806419592858,0.0838109234585432,0.0295479715356519,0.0380682281162267,0.0146669465705286,0.0683592398699369,0.00693857535519017,0.0319064748347814
1,8,300,4000,0.02,0,0.01,0,0,0,10000000,124,0.00341651076931104,0.0152112184756517,0,0,0.015861278285751,0.051574148963438,0.00570350770102476,0.0172284918355115,0.000167262614393844,0.000114051418590789,5.00036719106355e-05,1.3553397956187e-09
1,8,300,4000,0.02,0,0.01,0,0,0,100000000,117,0.00215768150266616,0.0015255606725676,0.000297330195703127,0.00145826390862232,0.0115759243256265,0.00381837866340581,0.00441586368307258,0.00250521449671174,0.00100976153537506,0.00331365587443735,0.000480152603915363,0.00175109748203693
1,8,300,4000,0.02,0,0.02,0,0,0,10000000,124,0.00545626338924937,0.0154267111641098,0,0,0.0261281149304224,0.0515119396131399,0.00937532778349719,0.0173751351212989,0.000225653323199275,0.000142426730561202,6.66702817224323e-05,1.35273132985422e-09
1,8,300,4000,0.02,0,0.02,0,0,0,100000000,117,0.0042114627467181,0.00250872622927389,0.000517383252333432,0.002244229774288,0.0218449485070288,0.00387522122892924,0.00825961504964428,0.00361243744630717,0.00169084727586291,0.00538403357240151,0.000808544403331424,0.00279841909908328
1,8,300,4000,0.02,0,0.05,0,0,0,10000000,124,0.0115122451678065,0.0164489358334236,0,0,0.05761621144624,0.0527840530461565,0.0202993716942769,0.018433631826619,0.000414077635877751,0.000273329934427667,0.000118686321641737,1.2855987636949e-05
1,8,300,4000,0.02,0,0.05,0,0,0,100000000,117,0.010308784501565,0.00560429838336932,0.00116834061454435,0.00470499040593761,0.0533960770879134,0.00449211510931232,0.0195973649310485,0.00741021869964836,0.00358321634860596,0.0106239735203491,0.00163548681072596,0.00515423636285479
1,8,300,4000,0.05,0,0.01,0,0,0,10000000,124,0.00348367215579018,0.0159232545456871,0,0,0.0178306367609479,0.0549786378663668,0.00637247469330499,0.0181150010765922,0.000340395648467677,0.000232461164119588,0.000100272452824594,2.10805452524316e-06
1,8,300,4000,0.05,0,0.01,0,0,0,100000000,117,0.00217224593192013,0.00161315485828439,0.000308068453747858,0.00155885260018084,0.0132995387381345,0.0046789406538761,0.00502685801260951,0.00297542692470096,0.00141107470163178,0.00436887917962348,0.000650590294971093,0.00230756693268885
1,8,300,4000,0.05,0,0.02,0,0,0,10000000,124,0.00552316762003859,0.0161313851558214,0,0,0.0282955332437145,0.0554838728203088,0.0100686678278074,0.0182744983538053,0.000404727218724629,0.000275491713469149,0.00011720788763639,4.21609784665134e-06
1,8,300,4000,0.05,0,0.02,0,0,0,100000000,117,0.00422596131142474,0.00257639865078335,0.000528068363599001,0.00233215713551055,0.0236732209502982,0.00483404324413411,0.00882622240917277,0.00405781916276322,0.00200883892248558,0.00569290561086408,0.000917666918698217,0.0029144000076448
1,8,300,4000,0.05,0,0.05,0,0,0,10000000,124,0.0115783896656939,0.0171172253376638,0,0,0.059983487162316,0.0554995529098885,0.0212126566299456,0.01929723833302,0.00059090051805511,0.000386828506364819,0.000170030420028833,1.64593304918012e-05
1,8,300,4000,0.05,0,0.05,0,0,0,100000000,117,0.0103230891349272,0.00565248424726784,0.00117886939825101,0.00477748515314539,0.0555849651964805,0.00550927550657566,0.0203760227371577,0.00789197683504329,0.00400640980941643,0.0113076854017838,0.00180155578471745,0.00543995461348689
1,8,400,4000,0.02,0,0.01,0,0,0,10000000,130,0.00179677965788795,0.00102196848793243,0,0,0.0106471583983041,0.000825518740310184,0.00381584741977756,0.00145108302237828,0.000166648766490041,0.00010738408132291,5.00035543609446e-05,1.18327951768091e-09
1,8,400,4000,0.02,0,0.01,0,0,0,100000000,124,0.00173156612209589,0.000941900546396874,0.000117762123566724,0.000657089405341834,0.0106736311095739,0.000900231556587131,0.00375715048570208,0.00134632657115532,0.000486375389925165,0.00143136618479521,0.000187853537081998,0.000714075602687123
1,8,400,4000,0.02,0,0.02,0,0,0,10000000,130,0.00356764961068639,0.00194180596437162,0,0,0.0208881580508401,0.000839518220476133,0.00733108700708835,0.0026040143587349,0.000228156690403842,0.000146371934564965,6.69265591044808e-05,2.92359924568116e-06
1,8,400,4000,0.02,0,0.02,0,0,0,100000000,124,0.00345017790724534,0.00185983363109743,0.000231188926789517,0.00127958301717405,0.0209559688350751,0.000944463977756194,0.0073000084407478,0.00263931027766731,0.000829362441309388,0.00267399892582658,0.000339784106620967,0.00139768485752808
1,8,400,4000,0.02,0,0.05,0,0,0,10000000,130,0.00883261229388672,0.00467447663296383,0,0,0.0521786103591385,0.00126936814642409,0.0179979467978112,0.0061869571568902,0.000400013647505341,0.000208987175810578,0.000117952141027526,1.02962002790292e-05
1,8,400,4000,0.02,0,0.05,0,0,0,100000000,124,0.008560764066246,0.00457032682089858,0.00056673455087291,0.00311797655040934,0.0523088863497739,0.00131602421017999,0.0179792925144496,0.00631854479267246,0.00195732486458559,0.00693633832357125,0.00075623948425756,0.0031600819901599
1,8,400,4000,0.05,0,0.01,0,0,0,10000000,130,0.00180019595248724,0.00104181587562354,0,0,0.0121289287048521,0.00118450598235118,0.00430166194555361,0.00168475343365919,0.000334697391524901,0.000196021783252855,0.000100131713848085,1.46177336610465e-06
1,8,400,4000,0.05,0,0.01,0,0,0,100000000,124,0.00173281546692771,0.000946000046137303,0.000118623708114406,0.000664380329941564,0.012257451580395,0.00137465602091634,0.00423632315535922,0.00157464252884545,0.000728364966667572,0.00163597549123199,0.000257130671709579,0.000773047460202143
1,8,400,4000,0.05,0,0.02,0,0,0,10000000,130,0.003571047834092,0.0019583596421311,0,0,0.0225739498683197,0.00146948690746169,0.00793826634469039,0.00286832258168991,0.000395279867380244,0.000237607366278183,0.000116926564232696,2.92355312339473e-06
1,8,400,4000,0.05,0,0.02,0,0,0,100000000,124,0.00345142178911158,0.00186367367885166,0.000232046075122978,0.00128668951273142,0.0226364523973116,0.00158127583205208,0.00783541249126389,0.00286705368303297,0.00109420872222297,0.0030603290875101,0.000413766394606922,0.0015107923474023
1,8,400,4000,0.05,0,0.05,0,0,0,10000000,130,0.00883595743508034,0.0046885738720859,0,0,0.0543236898688874,0.00227698832596136,0.0186895541871578,0.00637378930076919,0.000579340885028922,0.000384890771339219,0.000167311112437794,7.30883723172077e-06
1,8,400,4000,0.05,0,0.05,0,0,0,100000000,124,0.00856199186153883,0.004573948177772,0.00056757866049715,0.00312486428482984,0.0543268569404948,0.00199495466705913,0.0184602600560243,0.00660698620709286,0.00228073686203906,0.00750135117194758,0.000919165366730987,0.00378081445006155
1,8,500,4000,0.02,0,0.01,0,0,0,10000000,163,0.00157491687038861,0.000749910235080211,0,0,0.0105494648882726,0.000325716323474965,0.00384515957211255,0.0011227541640144,0.000159591309948321,0.000125366984141239,5.0105884051073e-05,1.30537793813862e-06
1,8,500,4000,0.02,0,0.01,0,0,0,100000000,159,0.00146140654145844,0.000754857013563477,0,0,0.0105248496237724,0.000261550720079487,0.00377935368742096,0.00125867080195352,0.000188326126998589,0.00021058364309587,6.05905846979881e-05,7.93438298269268e-05
1,8,500,4000,0.02,0,0.02,0,0,0,10000000,163,0.00314320011497563,0.00149295479616697,0,0,0.0208553995384136,0.00049063994676637,0.00744500580673703,0.00220486004838602,0.00022083739457845,0.000186328670582061,6.72837206563577e-05,4.49410463460071e-06
1,8,500,4000,0.02,0,0.02,0,0,0,100000000,159,0.002917419440168,0.00150460695850718,0,0,0.0208151618381197,0.00045101671915617,0.00740063247316461,0.00250040755973756,0.000274626814204147,0.000435088059558212,8.76345696036151e-05,0.000158826319691312
1,8,500,4000,0.02,0,0.05,0,0,0,10000000,163,0.00781210907490574,0.00369085594994257,0,0,0.0523821965008801,0.00113668314160666,0.0188981680596389,0.00562448546106353,0.00038913339320095,0.000334046136525769,0.000119226499081752,1.44138338555175e-05
1,8,500,4000,0.02,0,0.05,0,0,0,100000000,159,0.00725345317316113,0.00372370025766285,0,0,0.0522127330920955,0.00103362417225954,0.0182490600828112,0.00607760415809998,0.000517669161283745,0.000925538888878138,0.000164992996857261,0.000339314490768679
1,8,500,4000,0.05,0,0.01,0,0,0,10000000,163,0.00157506983702172,0.000750332882690028,0,0,0.0121312670509492,0.00101792483062126,0.00438024680123136,0.0013448803822413,0.00032650951393012,0.000310767327285425,0.000100105860022443,1.30538509327582e-06
1,8,500,4000,0.05,0,0.01,0,0,0,100000000,159,0.00146140655998735,0.000754857037730973,0,0,0.0118894258271663,0.000657664940036846,0.00424581069381514,0.00141557530533609,0.000362607242773796,0.000322786248274182,0.00011404968752817,0.000106033476116293
1,8,500,4000,0.05,0,0.02,0,0,0,10000000,163,0.00314335254331294,0.00149336542636158,0,0,0.0224890604422965,0.00108527186717407,0.00804281771923111,0.00242661044522726,0.000385061627480833,0.000361586049530541,0.000116874730267816,2.61082913799367e-06
1,8,500,4000,0.05,0,0.02,0,0,0,100000000,159,0.00291741945865181,0.00150460698261486,0,0,0.0223499981909536,0.000990799045224652,0.0079750559675043,0.00268850936198606,0.000440461493114264,0.00047060649450823,0.000139102089100496,0.000161621870843621
1,8,500,4000,0.05,0,0.05,0,0,0,10000000,163,0.0078122599108836,0.00369125480974526,0,0,0.0543723603115914,0.00194011977621074,0.0194041766294898,0.00593804094760089,0.000566580955841966,0.000603516901194194,0.000167181471474352,6.52713052146917e-06
1,8,500,4000,0.05,0,0.05,0,0,0,100000000,159,0.00725345319151097,0.00372370028159254,0,0,0.0541998168021642,0.00150505117970032,0.0189365862855367,0.00625543800253025,0.000684471950253641,0.00100068846464613,0.000211743518240904,0.000338792619947385
1,10,200,4000,0.02,0,0.01,0,0,0,10000000,132,0.00710873743889153,0.0271969345327073,0,0,0.0266787992880979,0.0786856225776605,0.0109241379469749,0.0327189219179972,0.000150004977291823,0.000121821337543854,5.00039928052727e-05,1.22425757961055e-09
1,10,200,4000,0.02,0,0.01,0,0,0,100000000,122,0.00949759593441941,0.0371167069673426,0.00560965361573848,0.0319055965858861,0.032383715185134,0.0965941665918953,0.013398144470063,0.0421308873605394,0.0156409139598255,0.08123608199802,0.00701230407163193,0.0363425921666035
1,10,200,4000,0.02,0,0.02,0,0,0,10000000,132,0.00965273043518221,0.0275407394410698,0,0,0.0370556659306181,0.0792927793594843,0.0149881743495659,0.0328261714538481,0.000199411081124149,0.000147495074910605,6.71756873759644e-05,4.08759238185505e-06
1,10,200,4000,0.02,0,0.02,0,0,0,100000000,122,0.0118614092930343,0.0375586922971468,0.00628627667424044,0.0326002082654355,0.0427167927262384,0.0971599147371903,0.0173391785017078,0.042262340043499,0.0179676262285284,0.0838838883135764,0.00805191039741509,0.0372697427388132
1,10,200,4000,0.02,0,0.05,0,0,0,10000000,132,0.0171901133864095,0.0287949774876417,0,0,0.0688535553066574,0.0811493997012276,0.0271576195605279,0.0334300928005568,0.000357446531150472,0.000264845430789965,0.000118564503790059,1.24669043869379e-05
1,10,200,4000,0.02,0,0.05,0,0,0,100000000,122,0.0188678201657406,0.0390191382450659,0.00828489761590416,0.0348999320187463,0.0745201434165132,0.0990759824099529,0.0289807811309476,0.0429233465486005,0.0246409769280926,0.0901809763616933,0.0108657477149032,0.0391346297963683
1,10,200,4000,0.05,0,0.01,0,0,0,10000000,132,0.00739749036593151,0.028449117766618,0,0,0.0297287096982547,0.0840832005305789,0.0120862308245775,0.034293059382959,0.00030201201759435,0.000250996740210125,0.000100003976643637,1.21703045531995e-09
1,10,200,4000,0.05,0,0.01,0,0,0,100000000,122,0.00989530546404805,0.0387486915569999,0.00587788930220628,0.0332989999436028,0.0356992545258114,0.102715309582243,0.0146495800569399,0.0441444698432003,0.0175687096478087,0.0879976187410467,0.00776438220590771,0.0386207533625513
1,10,200,4000,0.05,0,0.02,0,0,0,10000000,132,0.00994010014382482,0.0287873328303667,0,0,0.0403055421546761,0.0851102813469311,0.0162078278374208,0.0343955261593552,0.000348346761004856,0.000247261453476761,0.000116923154295145,2.90137236273748e-06
1,10,200,4000,0.05,0,0.02,0,0,0,100000000,122,0.0122570462053529,0.0391824950572141,0.0065530243828485,0.0339874640474048,0.0463075638264348,0.10390236705204,0.0186196404575208,0.0442664399769708,0.0194650743250955,0.0893730016214996,0.00854781034019566,0.0386599566540078
1,10,200,4000,0.05,0,0.05,0,0,0,10000000,132,0.0174734161203383,0.0300144690897052,0,0,0.0722257001077776,0.0859648269072263,0.0283677742976146,0.0348399267002972,0.000505062867852277,0.00033871983368321,0.00016856448825976,1.24668285232336e-05
1,10,200,4000,0.05,0,0.05,0,0,0,100000000,122,0.0192573720268459,0.0406117689002187,0.00854728118711611,0.0362586965961727,0.0783961815983628,0.105967421664429,0.0303742444031447,0.0447376783581,0.0261817281662498,0.0970776365277539,0.0114031348493001,0.0410249092667261
1,10,300,4000,0.02,0,0.01,0,0,0,10000000,144,0.00240405425028975,0.0048077096336219,0,0,0.0122135950611733,0.013118018475807,0.00470735076567801,0.00764227094732261,0.000170417219918628,0.000110131513162742,5.01193777798042e-05,1.38887382928157e-06
1,10,300,4000,0.02,0,0.01,0,0,0,100000000,143,0.00336881469912448,0.0160536330738792,0.00165038795194929,0.0161974554873233,0.0156486799419208,0.0519694878824498,0.00564300634298461,0.0180001668209719,0.00561364499536796,0.0519505461029576,0.00208429793606215,0.017954124440763
1,10,300,4000,0.02,0,0.02,0,0,0,10000000,144,0.00440218609991597,0.00538913696793056,0,0,0.022549554759899,0.0132643133418435,0.00839981499319053,0.00816740532542575,0.000232352619675518,0.000163152238069632,6.71332268538618e-05,3.91455830433361e-06
1,10,300,4000,0.02,0,0.02,0,0,0,100000000,143,0.00536614255869861,0.0162770020142316,0.00194161645110329,0.0165555664004316,0.0259638866267811,0.0521682430803055,0.0093174786905702,0.0181123616332523,0.00667347334324885,0.0533709207987614,0.00255257235298734,0.0184201084111292
1,10,300,4000,0.02,0,0.05,0,0,0,10000000,144,0.0103355150499652,0.00771272787335196,0,0,0.0540231138874316,0.0133467282198612,0.0193522891574529,0.0105575792181161,0.0004221908243186,0.000308876356398316,0.000118984999770474,1.37423623737885e-05
1,10,300,4000,0.02,0,0.05,0,0,0,100000000,143,0.0112990890484359,0.0172356587006103,0.0028034517017998,0.0178646210511577,0.0575417913655513,0.0525983136342845,0.0202492803693458,0.0189489417964535,0.00970233611997408,0.0566685115812853,0.00386158469276232,0.0197848746641696
1,10,300,4000,0.05,0,0.01,0,0,0,10000000,144,0.00244194973683596,0.00519314838284692,0,0,0.0140218537491529,0.0144862938025084,0.00535481716471255,0.00837415365810417,0.00034373203424429,0.000218836144479159,0.000100003610650167,1.33699835248267e-09
1,10,300,4000,0.05,0,0.01,0,0,0,100000000,143,0.00343585337287021,0.0167837847922655,0.00171646475525104,0.0169281792646789,0.0175263453487847,0.0551774596804522,0.00630098812078074,0.0188587259518044,0.00620627960193567,0.0551827433437923,0.00228581806626273,0.0188073993453719
1,10,300,4000,0.05,0,0.02,0,0,0,10000000,144,0.00443987931134971,0.005753829236535,0,0,0.0244305283934777,0.0145427601395378,0.0090811549133365,0.00890340644022056,0.000402391108751791,0.000270349226223272,0.000116670252895521,1.29628722329657e-09
1,10,300,4000,0.05,0,0.02,0,0,0,100000000,143,0.00543288922022423,0.0170005399238891,0.00200740398118908,0.0172805433716803,0.0279546258608022,0.0551175065782779,0.00997798687486632,0.0189819554164802,0.0072542223687779,0.0563125094288453,0.00274710424864365,0.0192619152710247
1,10,300,4000,0.05,0,0.05,0,0,0,10000000,144,0.0103726145063231,0.0080089747197219,0,0,0.0563567509035993,0.0148155972072483,0.0199801148079635,0.0113429519592624,0.00060911896192155,0.000453677779694777,0.000168406257293595,1.19438914009238e-05
1,10,300,4000,0.05,0,0.05,0,0,0,100000000,143,0.0113649748789688,0.0179283988234355,0.00286838649728114,0.01856366901302,0.0599601362771374,0.0559614521269279,0.0210058237990963,0.0197967949312187,0.0104075749869316,0.0607147761002654,0.00406168607397884,0.0207672283684631
1,10,400,4000,0.02,0,0.01,0,0,0,10000000,124,0.00183922073058875,0.00102086319045821,0,0,0.0105252614828651,0.000469185896675617,0.00396282990869995,0.00136257811106226,0.000156621791300717,9.03337584767349e-05,5.01381521526161e-05,1.49699710179736e-06
1,10,400,4000,0.02,0,0.01,0,0,0,100000000,128,0.00185747383207468,0.000977114511483003,6.0128846947682e-05,0.00042977015251343,0.0106032280442713,0.000649056538652274,0.00379292343208954,0.00135912519511843,0.000504655540183518,0.00146099153088537,0.000189515329937697,0.000655993964268101
1,10,400,4000,0.02,0,0.02,0,0,0,10000000,124,0.00366775814891138,0.00202782167216263,0,0,0.0207911445498361,0.000544272485507986,0.0077639053142756,0.00264501300465156,0.000211550300597048,0.000121278460830339,6.72080146525927e-05,4.21622396372338e-06
1,10,400,4000,0.02,0,0.02,0,0,0,100000000,128,0.00370592413502911,0.00194583965455067,0.000119836433401515,0.000855968322107971,0.0208893862936648,0.000693212844968618,0.00747221084478684,0.00267664259670359,0.000812756390754777,0.00272474943769261,0.000313732630785337,0.00123368948070008
1,10,400,4000,0.02,0,0.05,0,0,0,10000000,124,0.00910146878046749,0.0049967814751447,0,0,0.0521419318788938,0.00104946337760623,0.0192397700997307,0.00647135050180883,0.000376152131650287,0.000218467335510461,0.000118014420835365,1.05403478316977e-05
1,10,400,4000,0.02,0,0.05,0,0,0,100000000,128,0.00919938312267941,0.00480439010125604,0.00029676923829763,0.00211641442337086,0.0523837266378678,0.0013427065421362,0.018237319638944,0.00631072426538024,0.00192114703377951,0.00693107951179801,0.000731787238583527,0.00293703298781464
1,10,400,4000,0.05,0,0.01,0,0,0,10000000,124,0.00183973083265601,0.00102224589573942,0,0,0.0119963502675176,0.000897152624440955,0.00453659063246559,0.00162871629795294,0.000311600435107644,0.000174490698663765,0.000100003741265513,1.23282936784827e-09
1,10,400,4000,0.05,0,0.01,0,0,0,100000000,128,0.00185755127043125,0.000977212857237368,6.01474933194687e-05,0.000429952103713165,0.0120556433628833,0.00116920615359963,0.00430161272353251,0.00156220074018815,0.00067383982966525,0.00154844946053942,0.000237792381185017,0.000683659663410006
1,10,400,4000,0.05,0,0.02,0,0,0,10000000,124,0.00366826602413379,0.00202915019235445,0,0,0.0223946364315086,0.00100555670360954,0.00838997541088671,0.0029406244588054,0.000368062130775094,0.000208954960828893,0.000116670384141851,1.24872697654689e-09
1,10,400,4000,0.05,0,0.02,0,0,0,100000000,128,0.00370600133662705,0.00194593678624498,0.000119855001518534,0.000856149354882473,0.0225717418265421,0.00132757894964987,0.00812841495121662,0.0029529288294039,0.00105089541583703,0.0029118599233926,0.000392219485742313,0.00130642716776337
1,10,400,4000,0.05,0,0.05,0,0,0,10000000,124,0.00910197009087499,0.00499805958773771,0,0,0.0542057562874781,0.00157557128680132,0.019949324052671,0.0067596214930228,0.000547154804156273,0.000335138600574727,0.000169358493550419,1.47832726543853e-05
1,10,400,4000,0.05,0,0.05,0,0,0,100000000,128,0.00919945962311391,0.00480448560100464,0.00029678757554912,0.00211659284301922,0.0543048876739722,0.00207907700565859,0.0187115259608458,0.00670783826189167,0.00214071984711311,0.00693317915200928,0.000786710363033064,0.00299433451388705
1,10,500,4000,0.02,0,0.01,0,0,0,10000000,137,0.00153750383209735,0.000813089519428455,0,0,0.0105555357315697,0.000334291356793803,0.00369025021545891,0.00132438382005412,0.000185877821898081,0.000162684198619267,5.0003490269546e-05,1.26394845615815e-09
1,10,500,4000,0.02,0,0.01,0,0,0,100000000,136,0.00147128751599989,0.000753986374499353,0,0,0.0104776823358264,0.000244912884327544,0.00375036449230169,0.00108205621867531,0.000171177472203374,0.000120004696820736,5.72339574774596e-05,4.79070101881899e-05
1,10,500,4000,0.02,0,0.02,0,0,0,10000000,137,0.00306897683635306,0.00162088634223083,0,0,0.0208393888278303,0.000514818781664818,0.00728636775948535,0.00259703358913643,0.000244407129088482,0.000193315509068677,6.69134626539635e-05,2.84793484178654e-06
1,10,500,4000,0.02,0,0.02,0,0,0,100000000,136,0.00293712629841533,0.00150265238231075,0,0,0.0207235287724175,0.000320385946785224,0.00742978682929901,0.00217306539241626,0.000248347281436069,0.000282437197593126,8.55427848058941e-05,0.000124239538731282
1,10,500,4000,0.02,0,0.05,0,0,0,10000000,137,0.00762763689448025,0.00401303942568999,0,0,0.052387391476342,0.00118950324253266,0.0178286990095332,0.00647426852689682,0.00045443494351298,0.00037476816700976,0.000120319690269482,1.71160685195821e-05
1,10,500,4000,0.02,0,0.05,0,0,0,100000000,136,0.00730232293901182,0.00371726122586586,0,0,0.0521400301465258,0.000859888654814449,0.0181502524110421,0.00547304260230096,0.000487110312632582,0.000745534694511655,0.000162503464585231,0.000303842096648201
1,10,500,4000,0.05,0,0.01,0,0,0,10000000,137,0.0015375049626756,0.00081309219982716,0,0,0.0120345465289441,0.00106186384347841,0.00415217233747843,0.00148856321930499,0.000375610657974464,0.000328275528295878,0.000100125125670989,1.4240299953554e-06
1,10,500,4000,0.05,0,0.01,0,0,0,100000000,136,0.00147128799148932,0.000753986460505721,0,0,0.011943361347012,0.000692977340704159,0.00421212914830664,0.00128187599603988,0.000339128474147088,0.000187692602206684,0.000109929986031354,6.72010076932435e-05
1,10,500,4000,0.05,0,0.02,0,0,0,10000000,137,0.00306897796304348,0.00162088900928673,0,0,0.0224351850184474,0.00115536055536844,0.00772554046374338,0.00278511507515365,0.000439953361840596,0.000373595078425931,0.000117643344527417,5.63270229741862e-06
1,10,500,4000,0.05,0,0.02,0,0,0,100000000,136,0.00293712677314215,0.0015026524684174,0,0,0.0222020076476666,0.000831916015704843,0.00790919857464221,0.00237109023779648,0.000395744727960264,0.000248201550588378,0.00013076335367844,9.90881411150449e-05
1,10,500,4000,0.05,0,0.05,0,0,0,10000000,137,0.0076276380096668,0.00401304205397924,0,0,0.0541996739660164,0.00161368104026775,0.0185401489542264,0.00647096448991342,0.00063848569844945,0.000547256789015456,0.000169711436011594,1.56842853355194e-05
1,10,500,4000,0.05,0,0.05,0,0,0,100000000,136,0.0073023234114659,0.00371726131239804,0,0,0.0540597004042021,0.0014834530802643,0.0189080955636157,0.00559048714717783,0.000637688282482023,0.000676827440187089,0.000210175048531331,0.00027423058298429
